20
20
80 62 43 71 52 59 55 39 72 41 68 38 81 13 0 2 54 9 5 0 
69 27 42 11 53 65 16 25 50 48 41 30 13 8 0 0 8 5 53 13 
11 0 8 11 19 73 13 12 9 6 0 0 3 47 12 0 15 9 38 5 
13 0 4 46 34 30 37 40 9 0 0 0 27 43 8 11 53 3 10 6 
70 11 24 26 4 51 81 17 6 13 0 7 34 27 0 19 10 0 32 64 
71 84 45 66 65 71 47 43 54 55 13 0 12 49 39 49 16 22 49 30 
53 44 5 54 50 54 93 53 63 26 14 0 0 14 12 21 0 0 21 0 
73 30 0 2 27 61 22 19 16 38 61 10 0 3 31 7 0 0 0 0 
68 14 7 0 0 28 7 45 9 23 42 16 0 7 15 0 0 0 0 0 
3 8 39 15 10 45 22 45 15 47 12 57 21 38 12 0 0 0 0 0 
0 0 12 6 41 31 34 47 9 27 2 37 13 13 0 0 0 0 0 0 
0 0 0 0 26 0 5 6 12 46 6 7 0 0 0 0 0 0 9 0 
0 0 0 7 32 20 0 0 0 16 0 0 0 0 0 0 0 15 41 9 
0 0 0 0 15 37 9 0 3 0 0 0 0 0 0 0 0 0 15 0 
0 0 6 11 9 11 0 10 43 0 12 0 0 0 0 0 0 0 0 0 
0 6 44 29 69 10 0 0 11 4 39 10 0 0 0 0 0 0 0 0 
8 0 13 18 41 7 0 0 0 12 46 6 0 0 0 0 0 5 38 10 
63 9 0 0 14 0 0 14 0 0 10 0 11 0 0 7 0 0 13 0 
21 13 3 0 0 15 7 60 9 0 0 8 32 13 12 32 14 0 0 0 
53 74 57 7 31 55 30 8 0 0 0 0 7 0 0 11 0 0 0 0 
