0
6511
6550
6620
6938
6120
6205
4921
6882
1153
5916
4921
6045
5572
6761
5820
6413
6829
3843
5158
4395
3405
6894
6958
6798
2127
2853
---
0
1293
1961
6958
2626
3821
3242
6646
5897
6898
5270
6942
6374
4369
5508
6711
5848
6162
4845
6920
6905
5508
6942
6505
6791
6637
5703
6048
6953
---
0
6554
6893
3755
6840
1293
6374
5091
4673
6958
6389
5372
6221
6866
6064
6948
2005
6024
6730
3279
6819
6477
6730
5717
4344
2690
---
0
6701
2017
1144
6917
2606
3250
6742
6460
6796
6870
3787
5711
5056
6671
5301
6650
5924
6627
6958
4124
6378
5952
4542
6299
5195
---
0
5732
5546
6301
6781
2093
5954
5226
6915
1145
6468
2972
6882
6939
6891
4499
3520
6955
4846
6958
6817
4081
6594
5325
6755
6539
6944
---
0
1119
3480
2062
6929
4059
6952
5687
4987
6144
6958
5352
6403
6583
6958
5597
6944
6494
6644
6136
6886
6624
6902
2964
4596
6696
5971
---
0
1134
6631
2043
5725
4450
3881
4947
6230
6495
5455
6098
3302
6948
2706
6330
6897
6920
5814
5725
6735
6958
---
0
1188
2059
2763
6638
6738
6455
3378
6361
6626
4900
3930
5575
5427
6140
6510
6879
6236
4486
6633
6348
5975
6949
5160
6955
6958
---
0
2008
2662
6391
2662
6643
4457
6742
5204
6203
6916
6260
6462
6528
5918
6705
6916
6951
3905
5796
6958
5438
6541
5554
5832
3316
1188
4966
---
0
1144
3897
6958
6946
6958
6958
2706
5626
3302
6632
2043
6863
4406
6294
4875
6639
5920
6958
5232
6080
6950
6889
6943
6418
6769
6845
---
0
1246
2059
6897
6207
6511
4411
6958
5697
3898
6640
3328
6932
6533
6928
6854
6929
6139
6030
6872
5453
6759
5273
6491
4898
6947
2763
---
0
2780
4393
6382
6094
6945
1144
6168
5612
5916
5235
6945
2067
6481
5943
6688
4707
4914
6762
6924
6937
6933
6770
6786
6958
6519
3359
3922
5520
---
0
2119
1153
6537
4942
6434
2719
6462
6958
3839
6958
6885
6900
6722
3308
6898
4392
6734
5559
5262
6202
6924
6700
5887
6053
6955
4720
6472
6943
---
0
2880
1188
3982
2039
5389
5055
6685
6547
5948
4534
6790
3469
6320
6692
6443
6340
6859
6929
6747
5704
5902
6259
6958
6621
6892
---
0
2093
2972
6761
1153
6790
6888
5978
6873
6955
6900
3531
6094
6426
5414
6958
6955
5666
4472
6523
5081
6943
5947
6208
6649
6958
3928
6404
6910
6751
4764
---
0
6432
1293
2039
5291
3959
4655
6530
4998
5921
6895
6652
6914
5651
6780
6810
3419
5758
4370
6945
6292
6912
6768
6958
6337
6091
2958
---
0
6958
2067
6958
3729
1144
6930
6124
6784
6912
6829
6351
6776
5451
4613
3266
6954
5206
4983
6890
5867
6440
5978
5511
6691
6940
6763
6471
4271
5867
6946
2782
---
0
2017
1125
6504
2722
6885
6832
6958
6852
6629
3845
6913
4310
6724
6203
6648
6321
6045
3270
4860
5611
5826
5187
6389
6941
5987
---
0
1246
6626
6884
2005
6933
5700
6813
6839
2728
5243
5628
5993
3373
6869
6947
6907
6888
4365
4830
3887
6231
5974
6425
6771
6958
6292
5993
---
0
2030
6958
3808
5967
6376
6820
6701
6946
1188
5067
6844
6578
3290
4854
6345
6526
4325
6647
5264
6094
6816
6740
2712
5777
---
0
6931
5917
2782
6938
1293
1983
6940
6599
6881
3391
6452
6890
4432
6231
4834
6403
6113
6667
6680
5457
6479
6903
5808
4983
5546
4983
6718
3970
6958
6680
6094
---
0
1293
2664
3861
6159
5121
2034
5829
6650
5332
6958
5542
6249
6875
6838
6955
6021
6462
6190
6605
4440
6556
6808
6877
3278
6516
4910
---
0
2880
3459
1145
6619
6823
6799
6573
6065
4893
6226
6834
4059
1986
6921
5775
5642
4559
6517
6413
5321
5931
6958
6916
---
0
1153
6692
6620
6496
2119
6365
6273
5947
6924
4364
6546
6958
3313
6874
6888
3861
4753
6749
6777
5202
5506
6130
2853
5731
---
0
1246
4402
3385
2821
3931
4801
6600
6946
6939
6952
6958
6489
2039
6958
6903
5484
6833
6646
6156
5165
6772
6453
6368
5946
5696
6012
6946
6402
---
0
1938
6474
4516
6833
6346
3197
5610
6655
5277
4935
2816
3872
5927
6270
1293
6958
6898
4516
6802
6187
4196
6952
6916
6652
---
0
1144
6501
2067
6952
6944
6176
6907
6956
5287
5510
6810
3439
6885
2803
4663
6331
6683
3740
4986
4318
5741
5934
6100
6534
6958
6380
---
0
1119
3426
6824
2788
6887
6900
6831
6950
5316
5857
6958
6329
6950
6653
5316
6958
6388
6914
6941
6952
6006
6958
5738
6716
6504
3947
5146
1988
6161
6930
4856
4431
---
0
2028
1246
2644
6357
4825
5120
4304
3223
3787
6821
5737
5975
6007
5430
6958
5574
6916
6149
6426
6241
6680
---
0
6928
1028
2889
6561
6958
6728
6313
3996
6601
6802
5554
2093
6694
6738
6419
6018
6230
3489
6913
5270
6928
5847
4912
4510
6755
---
0
3954
1153
2062
2835
6950
3453
6402
6958
6602
6958
6259
6859
6271
6107
6958
4503
6792
5870
6748
6934
5719
5514
6689
5231
4875
---
0
1969
1246
2715
6958
4519
6766
4985
3381
3989
5847
6535
6772
6948
5249
6733
5663
6956
6958
6374
5998
6430
6901
5930
6958
---
0
5972
1144
2067
6958
4838
5900
6335
6946
6958
3273
6816
6903
5898
2678
6941
6826
6437
6670
6823
6849
6620
3852
6081
5131
5546
6538
4389
6680
5390
---
0
6523
6661
2119
6873
5601
6958
6949
6252
1188
2916
6869
6936
5401
6515
6935
6042
4089
4598
5986
6958
6796
6938
6958
6274
5318
6466
4936
3495
6471
---
0
6920
2055
6950
6569
6721
4925
6738
6858
2910
6632
5814
6779
6158
1153
4653
5533
6919
6513
6958
5213
6847
6880
4041
5916
4457
6751
3462
6409
5763
---
0
6958
2704
2054
1134
6851
6331
6794
5259
6958
6490
4837
6541
6718
4405
6222
3867
5793
6926
6057
3325
6646
5953
6905
6673
6940
6911
5617
6897
6306
---
0
6375
1134
2005
5712
2958
4859
5116
6884
5302
3586
6091
4653
5801
6302
6652
6949
6682
6690
6958
6933
6844
3923
6949
6897
---
0
2030
1145
2821
5516
6242
4250
6111
4655
5076
6535
5967
5930
6680
5190
3400
6858
6444
5505
6932
6768
3861
6958
---
0
6852
6884
6664
6681
6800
6874
6935
1144
6783
2030
4998
6070
5491
3812
6352
5913
6615
4669
3279
6533
2714
6441
5340
6411
6958
4359
6260
5930
---
0
6745
4753
1129
2054
6057
5142
6354
4397
5920
2722
6808
5500
5711
6873
3330
6958
6237
6952
6958
6693
3930
6932
---
0
1119
5557
1995
6117
6224
6952
4884
6958
3289
2710
5987
6117
6492
4370
6712
5260
6937
6778
6597
6834
6839
3833
6941
6375
6503
5726
6897
6935
---
0
2010
3362
6958
6211
1144
5437
5974
6949
5606
6688
6799
4856
6916
5606
6547
5837
2743
3951
6121
6922
6948
6471
4469
6829
5192
5769
6939
6839
6837
---
0
1118
5476
1983
5608
5911
6910
3446
2867
6534
6832
6433
5274
6625
6225
6415
6958
4327
6952
6685
4762
6264
5810
6931
6931
3921
---
0
1153
2127
2880
6727
3427
6549
6025
6335
6930
4813
6268
5459
4494
5841
5629
6256
6350
6943
6014
6873
4010
5071
5749
6958
6759
6888
---
0
1246
6779
6617
6633
3279
6946
6731
6584
5167
2700
5486
6761
3831
6484
6958
6880
6876
5737
6682
4419
6946
6930
2034
4822
6171
6369
6186
5950
---
0
5964
6021
6343
5651
6958
2757
2055
6593
5377
6944
1153
6863
6667
6474
5007
6844
6506
4760
5889
3336
6704
3884
6936
4351
6778
6667
---
0
5156
6700
6923
5950
6892
5734
6904
6938
6938
3894
6540
6738
4442
6664
6182
6915
5499
6923
2728
6379
2043
1153
4898
6950
3317
6617
6670
6958
---
0
5605
6958
4935
1293
4681
6958
6561
4242
3781
6449
6731
6116
5930
6213
6824
6917
5828
6404
1961
6464
6910
3192
5352
2621
---
0
2755
5763
5762
5245
6218
5470
2119
6911
6779
6345
6858
3349
6040
6650
4572
6704
6958
6488
4937
6950
1153
6958
6735
6934
3781
6876
4205
5571
---
0
3243
1962
1082
6926
4558
5585
6367
5895
4199
6958
6958
6891
6903
2723
6917
3829
6905
5311
4976
6956
6577
6820
6956
6461
6903
5971
6535
6306
---
0
1293
2013
3361
6317
6242
5655
3970
5762
2782
5237
6874
6904
5540
4479
4893
6489
6174
6942
5893
6785
6543
6828
6948
6958
6673
---
0
1144
2053
5462
2803
6191
3382
5781
6949
6817
6876
6958
6752
6958
4031
6937
6958
5086
6390
6484
6074
6534
6565
6885
6765
4579
6655
6949
6260
---
0
6825
6617
1986
1129
6680
2593
6060
6841
5978
6225
3787
6225
6958
6334
5687
5404
6774
4346
5905
6947
3209
6593
6181
6947
4916
---
0
2843
1153
4100
4100
6817
6958
5004
6919
5479
6516
2071
5327
6031
5723
5809
6233
5754
6626
6691
6713
4636
3520
6888
6178
---
0
5535
1153
4957
6433
2913
5816
6566
6908
6958
6348
5233
6953
2064
6693
6958
5993
6498
6819
3420
4343
6958
6915
3852
6647
6958
4615
6031
6719
---
0
1153
2093
4465
2972
6850
6776
4807
6947
6911
6016
6919
5193
6048
6958
3993
6500
4807
6896
6725
5628
5419
3509
6460
6521
6678
6632
---
0
1952
1118
4338
5309
6050
6942
6197
6497
2644
6679
3269
5609
4974
6834
4793
6920
3848
6512
6560
6949
6319
5464
6810
6958
5889
6476
---
0
1939
2716
1246
5998
6077
3874
4422
6958
5705
4897
6788
3305
6958
6408
6445
6744
6750
6517
6258
6558
6728
6750
5359
6121
6767
6887
6870
6946
---
0
6949
6857
6958
6781
1125
2851
6062
6956
6718
5668
6958
1902
3388
6709
4242
5335
6924
3740
6938
5859
6354
6670
5870
6395
6213
6956
4935
6958
4658
6948
6564
---
0
1125
6806
2030
6874
6707
6938
6741
6001
6200
5653
6595
2692
5536
6018
5243
3248
6958
3785
6661
4388
6410
6350
4886
3785
6479
---
0
1119
2681
6841
1978
6941
5528
6851
6857
6952
6227
6902
6440
6385
6958
4966
6628
4264
3764
6027
6870
3282
6751
6922
5628
6181
6588
5426
4778
---
0
1246
6320
6839
5957
5535
6933
4890
2755
5183
6513
5814
6958
6864
2158
3486
6198
6958
6423
6958
6198
4038
6263
4419
6879
6079
6699
5401
---
0
2010
1293
6922
6563
6530
2729
6493
6958
6697
3318
5651
3825
5070
6424
6800
6358
6882
4757
6928
6855
5287
6958
4331
6692
6891
6337
6236
6752
6013
6205
---
0
1134
6763
6543
5891
6948
5875
4362
6621
6898
6958
2704
4702
1939
6779
3847
6934
6327
6135
5622
5306
5081
6753
6893
3319
6446
6190
6531
6877
6740
---
0
1031
1960
6958
6211
6522
6604
6927
2888
6877
3477
6001
6948
6378
6745
6824
6460
4748
6900
6845
4512
5636
5294
5811
6808
5230
6816
4005
---
0
6801
6947
2062
1153
5677
6947
6948
2979
6345
6462
5944
4041
6447
6753
6937
6849
6202
6958
6787
3558
4600
6700
6617
5422
4990
6948
---
0
6417
6762
2008
2697
6062
6229
1129
3311
5300
6656
6937
6946
6448
6560
6298
5711
6448
4406
4931
6640
5844
6912
6887
6925
6686
3872
6958
---
0
6717
1188
5924
6543
6771
6934
5216
6958
6955
2783
6446
6717
6284
6857
6677
5751
6875
3359
2158
4914
6805
6857
3936
6378
6093
6591
6771
4441
6958
5576
---
0
5978
1129
5033
5302
3131
5544
4765
4217
5579
3658
6372
3658
6608
2552
6929
1903
6497
6691
6865
6823
6289
6958
---
0
2069
6065
6846
4562
6300
6958
5895
5935
6775
5673
6687
5501
2843
3511
6870
6521
1153
5288
4988
6924
4037
6432
6032
6802
6804
---
0
1042
1960
6958
6344
2798
6623
6057
3958
6399
4929
6496
5959
6233
3379
6542
6824
4495
5827
5337
6940
6958
6866
6158
5404
6756
---
0
1153
2127
6491
5638
4836
6726
6822
6948
6958
5913
6842
6928
6517
6097
5463
3465
4606
5118
6938
6934
6336
6903
4054
6950
2839
6892
---
0
5631
2062
1293
4018
4410
5255
6394
6930
6958
6958
4941
6880
6883
6411
6933
4653
6806
6904
6951
6609
2829
6958
6955
3429
6955
5880
6958
6690
6134
5520
6536
6793
6958
---
0
1246
2015
2904
3551
5917
5094
4611
6677
5501
6870
6905
5698
6392
6550
6760
4140
6766
6559
5915
4859
6160
6958
---
0
2062
1293
6670
2720
3336
3838
6457
6083
6222
4722
6496
5083
6471
6874
6588
6471
6032
6296
6941
6766
5872
5633
6947
6958
6902
5380
4412
---
0
6933
6955
5149
3564
6076
6955
4717
4128
2062
1153
6662
2931
6632
6958
5458
6533
2062
6369
6813
6779
6955
6035
5913
6938
6331
6958
5786
6948
6509
6807
---
0
2567
6338
6929
6870
6765
6553
4955
6805
6933
4283
5773
6490
6723
6722
4740
6540
6958
5866
6958
3745
1920
6051
6805
5511
6958
1188
3188
6915
---
0
1118
6048
2039
6713
6661
6900
6419
6533
6641
3522
6922
6942
2958
6948
6793
6033
6394
6850
4150
5061
4530
6916
5316
5558
6958
5755
6514
5907
---
0
1293
3522
4101
4542
6455
2913
2069
5434
6958
6718
4870
5959
5878
5210
6114
6922
6805
6766
6800
6650
6579
6244
6329
---
0
1153
2093
6683
6931
6958
5356
6958
2972
6958
6879
4081
6958
6945
6207
4563
6807
6323
3536
6892
5579
6529
6749
5058
6948
4825
5978
5779
6952
---
0
1188
6904
6955
2059
5445
6958
2820
6601
5687
6578
4594
6455
3453
6788
6149
6937
6779
6377
5168
6863
6937
4042
4884
5827
6236
6955
---
0
2698
1145
4784
4314
1986
3277
6478
5419
6484
6281
5901
3846
6776
6847
6958
6281
6100
6120
6945
6444
5726
5149
---
0
1188
6660
2689
6867
6790
3393
6691
6929
6037
6867
2005
6905
6186
6827
6939
6595
4046
6282
5888
6859
4583
6656
5067
6958
6434
5718
5649
6837
5272
---
0
1246
2588
6461
3177
1985
6867
6932
6894
6836
6945
4345
6848
4762
6132
6898
6230
6958
6633
5389
5124
6684
6719
6958
6272
5682
3824
5914
6384
6576
6779
---
0
6958
6958
2678
6958
3411
4239
5193
6958
3798
6869
6958
6942
6760
6949
4830
1293
6375
6958
5981
6958
5859
6916
6936
6583
2062
6940
6745
6299
6846
5586
6958
5005
5851
6353
---
0
6955
6919
6921
6759
6670
6958
6867
6571
6051
2158
6890
6958
6670
2972
4556
6579
6580
3537
6252
5552
5299
6184
6695
1153
6779
6958
5745
4993
4115
6440
6583
---
0
2621
2030
6436
1246
6944
6944
5983
6344
6229
6833
5831
6958
6040
6698
6363
6777
6791
5535
6925
4975
4423
6176
3834
3243
5349
---
0
1946
6186
6948
6500
6833
2689
5165
5585
6586
6721
6958
4200
6560
6958
6905
3786
6746
3268
5897
6803
6468
1188
4968
6135
4649
6923
5738
---
0
1145
6945
2693
6958
3316
1986
4777
6942
6625
6347
5999
6881
6931
5162
6187
6958
6779
6953
6905
6479
6922
6763
5636
6868
4337
5935
3880
5748
5396
6556
---
0
1246
6823
6890
6946
2722
4513
6920
6519
5348
1995
3772
6375
6958
5728
6958
6661
6165
6926
5492
3258
6924
4875
6958
5928
5126
4212
6958
---
0
6218
2724
1153
6958
6813
6443
6634
6136
6367
6652
5803
5923
6937
6781
2055
6956
5317
5408
6575
6947
4513
3444
4884
5621
5675
3922
---
0
2853
2069
1153
3468
3956
6943
6958
5690
6955
6923
6958
6604
6391
6214
4535
5278
6087
6666
6636
6872
5524
4923
6874
6331
6883
6909
6610
6150
6814
6882
---
0
6676
6238
6770
6958
6527
3505
6958
6577
6939
6939
2916
4019
6878
6734
6087
6928
4520
6360
4842
6170
6936
6626
6891
5993
1153
2074
6914
5353
6519
5196
5313
6928
5709
---
0
1293
6958
2766
4925
6948
6948
6958
6889
6454
6270
5292
6940
6940
6130
6948
6450
6218
5876
6599
3950
6948
3355
6948
6784
2043
5897
6833
6012
6764
6929
4452
5567
---
0
2093
2972
3547
4096
6545
6591
5995
6943
6917
6679
6958
6459
5332
6943
6650
1153
5701
6428
6936
4603
6895
6142
4994
6813
---
0
1293
2062
6100
3275
6514
6888
3789
6060
6684
6876
6714
6781
6733
5470
6437
5787
4401
5169
6958
4805
6373
6883
6832
2727
5615
---
0
6940
6243
2064
1153
2913
6815
6940
6672
6564
6958
6930
6779
6772
5940
5608
3853
5280
6447
4244
5022
6193
6927
3447
6457
6071
4631
---
0
1293
6958
2864
6901
3443
6901
3963
6491
6790
4428
6247
5524
4746
6958
6081
5602
5284
5870
6580
6795
6637
1995
5266
---
0
1153
4523
6385
6333
6940
3410
3999
4842
6204
5537
6958
2796
6864
6036
6537
5782
6217
6733
6951
6958
2042
6792
5241
5921
6950
6557
6935
---
0
1998
3558
2958
6958
5730
4635
6958
6431
6229
6939
1042
6923
6701
6928
6130
5419
4147
5072
6011
6947
6939
6791
6816
6875
6312
6665
6542
---
