100
70
142 148 147 134 84 97 59 45 61 54 71 63 48 52 79 95 59 125 55 191 137 54 68 96 192 47 61 113 108 172 86 122 53 117 96 107 41 110 118 65 79 45 114 66 70 51 33 24 16 10 41 17 25 30 27 46 40 31 47 62 69 49 56 58 40 60 48 28 31 46 
97 30 27 26 19 18 11 17 21 14 10 10 17 11 11 14 19 21 37 44 43 68 57 83 52 52 40 45 40 30 33 27 38 20 25 23 30 23 18 31 38 28 14 26 18 10 11 4 6 5 7 5 7 5 7 6 9 16 9 10 15 9 12 13 13 15 9 5 12 19 
48 36 34 33 23 17 11 8 14 14 16 12 23 8 13 16 19 24 31 34 47 58 56 64 55 36 46 40 26 26 33 31 32 30 22 15 17 23 23 31 25 33 25 21 15 5 6 6 5 3 8 6 7 7 9 22 12 20 9 12 16 9 17 14 18 17 9 15 18 37 
56 34 28 33 25 14 8 16 18 9 19 11 14 14 17 18 19 22 24 32 19 40 44 54 40 40 42 33 20 21 21 19 24 16 9 13 23 24 20 22 34 26 39 20 15 16 9 9 7 3 10 6 4 4 8 8 7 12 7 9 9 6 13 7 13 15 16 13 15 24 
129 22 19 22 22 11 13 13 21 16 17 13 15 13 13 14 11 15 19 17 21 36 30 40 25 37 30 18 25 23 19 15 20 18 13 9 12 12 13 18 17 17 19 13 11 8 7 9 3 4 4 3 0 4 6 11 3 7 5 5 8 10 11 15 12 16 13 9 12 21 
36 18 22 20 11 10 14 23 19 19 34 26 24 15 14 12 11 11 21 12 19 21 16 27 18 16 19 11 20 16 19 27 21 12 12 10 15 10 12 15 14 9 18 13 10 13 7 16 8 3 7 6 5 3 4 6 2 7 4 8 9 9 13 12 15 26 19 12 19 57 
72 17 9 17 15 11 5 10 15 10 17 10 17 7 9 7 5 10 13 4 7 11 5 15 6 11 11 14 9 9 7 11 10 9 6 7 8 7 7 7 8 9 10 13 7 7 5 8 3 4 5 0 1 1 1 5 2 5 2 6 7 9 9 13 12 15 14 7 7 25 
50 12 7 11 10 8 5 9 14 8 18 9 8 5 16 9 9 11 11 8 10 7 4 11 6 5 13 8 13 10 8 15 9 9 6 3 9 10 10 13 11 12 11 7 6 11 3 7 6 7 5 2 3 1 0 2 2 3 5 5 11 14 9 20 9 20 17 14 13 22 
72 13 10 11 13 12 9 11 11 11 11 15 10 15 21 12 8 11 12 8 10 12 7 13 14 14 22 22 16 18 18 25 15 14 9 13 17 14 11 25 16 23 15 17 9 10 4 9 3 7 7 2 3 1 2 1 4 7 5 11 17 22 14 21 15 25 14 14 12 23 
38 7 9 9 8 9 7 13 28 16 12 26 16 17 19 16 14 25 31 14 18 11 11 14 7 9 12 21 20 12 19 18 13 15 15 20 16 11 15 16 13 16 14 8 6 11 9 8 2 4 3 2 2 3 3 4 3 6 4 7 10 11 9 11 17 13 9 8 4 36 
40 7 8 10 8 7 8 13 20 17 10 22 11 19 13 13 16 11 13 9 10 10 10 15 13 13 17 19 20 19 19 23 10 19 11 18 13 16 13 19 12 18 17 14 13 19 10 6 5 7 8 7 1 3 7 6 4 11 6 5 8 9 7 15 9 14 14 8 8 27 
42 8 5 7 12 10 10 15 15 16 20 27 27 21 14 15 18 17 16 10 13 13 16 24 12 18 23 31 26 29 31 24 23 27 15 15 17 11 15 17 19 14 12 14 9 12 12 9 7 10 19 6 8 8 9 6 6 10 6 7 14 13 12 16 9 20 10 12 11 37 
38 9 10 16 18 15 14 22 26 27 19 34 22 28 22 14 21 18 20 17 13 14 16 19 12 17 23 26 30 30 31 27 33 44 20 30 25 28 19 22 27 26 18 20 15 16 10 2 9 3 7 5 7 4 11 8 11 15 14 7 14 15 9 10 9 21 7 9 12 59 
44 10 15 12 17 18 18 34 29 22 29 18 33 27 27 22 21 19 24 14 16 11 20 29 15 20 23 28 31 45 36 19 24 30 16 19 15 9 11 17 17 19 15 15 9 13 9 8 8 6 12 12 10 12 14 16 17 25 16 10 14 11 6 9 7 14 8 9 12 36 
75 19 18 11 13 12 17 19 22 25 21 29 33 31 36 23 28 24 32 21 21 13 16 30 17 24 33 32 32 27 27 35 24 28 15 20 18 13 15 20 23 27 16 29 15 19 16 16 16 11 11 15 6 7 10 6 12 15 8 3 9 7 3 3 4 9 4 4 8 21 
67 12 16 11 13 11 10 19 21 28 27 33 42 42 31 29 34 22 44 25 24 20 21 25 17 16 26 32 31 32 34 40 24 29 16 17 13 7 10 18 10 21 18 16 18 13 8 11 10 7 8 11 4 15 12 14 8 9 8 8 6 3 5 3 1 5 4 4 5 27 
70 17 24 11 17 15 12 27 27 32 35 48 21 41 37 31 32 22 46 30 28 17 27 30 26 23 34 19 33 38 48 35 24 29 16 15 17 9 11 14 9 20 23 22 19 12 13 7 9 10 13 13 14 17 22 12 9 15 14 7 11 3 4 0 4 4 3 2 4 21 
106 18 26 20 16 13 12 18 28 33 29 30 44 36 33 36 38 37 29 41 42 34 36 51 39 39 46 42 39 28 57 37 32 25 20 19 11 11 11 14 13 29 28 26 20 18 15 10 9 8 9 10 16 11 16 7 7 6 10 3 10 5 2 2 1 1 2 3 2 16 
35 28 30 27 19 7 13 18 22 29 32 31 34 38 31 30 44 38 41 38 47 39 40 66 47 42 43 50 36 53 20 50 46 27 22 16 15 9 11 20 18 24 23 25 22 17 16 13 19 20 9 26 20 21 21 20 18 7 11 6 13 2 5 1 0 3 1 0 1 6 
156 33 33 28 19 19 19 18 20 38 34 37 46 49 46 43 19 36 32 60 57 60 60 72 59 56 74 60 47 42 59 43 39 38 20 14 15 13 14 17 21 26 24 28 26 19 13 12 21 16 11 22 14 24 20 15 13 15 16 7 11 7 6 2 4 4 3 3 1 8 
154 34 34 30 23 20 21 27 18 33 37 35 36 45 40 40 47 40 64 67 43 71 77 24 70 71 65 69 61 69 61 50 31 45 30 21 30 22 12 21 24 32 23 26 14 19 15 11 18 12 11 18 25 20 19 20 14 11 12 6 6 4 1 4 2 6 2 2 5 13 
136 40 40 35 26 14 18 23 17 36 28 38 44 43 34 27 46 44 50 56 67 72 76 50 78 72 74 65 52 63 61 67 35 35 24 24 22 15 14 22 22 33 28 37 17 19 9 21 18 20 24 23 21 21 25 19 15 16 9 10 11 6 2 2 2 5 3 2 5 19 
40 46 40 31 24 24 15 16 28 34 37 25 37 44 33 29 48 46 70 57 62 68 81 22 86 69 70 60 63 23 69 46 36 37 25 15 24 20 17 14 24 37 36 32 27 31 20 14 18 21 12 26 22 25 20 22 18 15 18 10 9 7 8 5 8 5 6 7 10 26 
51 48 46 41 34 33 26 41 28 31 40 36 30 18 45 51 53 21 78 92 29 51 125 26 38 41 125 41 101 60 34 46 59 52 43 31 23 25 34 33 33 19 51 21 33 36 31 27 29 21 25 19 23 25 32 32 15 15 12 6 11 4 1 3 4 8 8 13 15 44 
105 37 32 32 20 19 23 22 25 29 33 37 34 39 39 43 40 61 57 46 54 62 73 124 71 65 68 62 49 44 27 43 26 35 20 15 20 20 17 19 17 36 34 23 29 37 26 9 19 22 14 23 34 20 19 14 21 7 10 3 7 6 7 9 8 20 15 14 16 29 
56 32 33 28 23 23 19 19 21 26 26 30 39 44 40 41 29 50 39 66 72 70 67 111 69 71 52 74 44 54 49 38 31 30 18 13 19 13 19 15 19 30 25 19 25 18 18 16 8 16 16 26 31 18 21 16 18 13 13 6 3 5 3 7 8 17 11 17 25 46 
108 17 26 28 16 17 13 23 15 16 25 18 23 34 32 31 42 30 45 38 52 50 49 95 48 53 46 57 34 35 39 27 25 29 20 13 16 20 14 14 16 36 26 25 20 16 10 9 7 13 12 15 20 17 21 14 8 8 6 4 4 6 6 7 7 16 13 13 17 45 
118 23 24 19 22 19 21 32 20 17 29 21 33 21 30 29 33 40 26 41 52 45 60 56 56 39 62 52 25 34 40 21 18 22 10 13 10 16 16 20 28 36 32 20 20 10 9 9 8 13 8 18 16 15 19 9 11 8 9 4 6 5 7 5 9 17 10 15 13 39 
74 16 25 30 20 12 23 19 17 21 26 23 23 23 40 22 28 35 37 29 39 37 42 80 42 44 36 38 23 19 23 8 16 25 12 15 12 22 29 28 15 32 28 25 18 8 7 6 4 6 6 13 18 12 17 10 13 10 7 7 8 21 16 6 16 18 18 18 12 42 
39 22 29 40 29 22 24 16 21 12 27 23 21 23 17 29 29 35 35 30 33 34 20 56 39 35 26 25 9 22 17 7 12 18 10 10 11 16 23 27 23 27 26 18 13 10 10 7 4 4 6 14 13 11 21 9 9 8 7 5 7 12 11 12 10 21 16 27 19 49 
73 14 24 16 21 14 22 15 17 14 13 18 14 22 19 17 24 23 30 28 33 19 38 21 26 27 24 22 19 11 17 12 16 29 15 11 15 20 17 33 24 21 30 15 14 15 8 9 3 5 6 13 11 9 13 10 22 6 9 8 8 15 7 9 10 18 14 16 12 31 
64 12 23 23 19 17 22 14 16 17 15 11 11 25 23 25 25 27 36 29 37 39 44 30 42 30 29 28 15 19 11 10 15 17 8 6 12 12 16 19 18 20 28 11 6 8 5 7 7 7 7 16 12 13 13 8 10 6 6 4 4 6 5 5 11 15 17 13 14 22 
72 16 30 25 27 18 20 20 19 11 16 24 17 24 27 29 39 24 34 34 17 45 41 50 37 33 29 22 15 19 16 8 15 11 9 7 7 10 12 21 11 18 24 14 13 9 11 12 3 3 5 14 9 5 13 5 6 4 4 6 4 12 9 13 14 23 20 16 12 30 
53 29 17 27 25 18 28 13 20 21 19 22 19 16 20 22 24 16 28 32 29 30 42 49 36 32 39 24 19 16 16 20 14 18 12 7 3 7 8 18 18 16 21 19 13 10 10 10 9 10 8 11 7 8 14 8 7 3 0 4 6 10 10 10 11 10 12 11 5 25 
65 21 19 21 17 9 14 10 9 13 16 17 16 18 31 15 33 24 31 32 25 40 35 39 26 20 20 15 16 24 19 16 16 11 16 7 7 8 11 14 10 14 39 22 12 16 13 16 11 5 12 8 6 8 10 4 8 4 5 7 6 16 9 12 21 14 17 14 12 45 
64 12 13 14 11 12 18 13 8 7 14 15 12 20 19 25 29 24 36 44 34 26 43 51 37 22 31 15 13 17 18 15 16 10 10 7 5 4 6 12 8 9 15 15 7 10 7 10 12 5 12 18 3 8 13 5 8 4 5 5 6 10 10 11 13 9 8 10 5 13 
52 11 10 9 13 9 10 10 10 11 8 10 9 15 21 23 19 24 19 29 35 32 31 41 32 18 20 14 13 20 14 13 14 11 14 5 4 5 5 6 7 11 19 14 5 9 8 6 2 3 5 15 5 8 8 4 5 6 5 4 10 21 13 10 13 13 10 9 3 14 
36 8 8 7 10 10 13 7 10 10 11 8 10 18 17 24 23 20 30 34 34 36 15 33 25 23 26 15 23 19 23 8 18 13 14 9 8 7 7 8 11 13 15 13 8 8 7 11 6 7 9 16 8 10 23 7 4 6 4 7 8 13 15 9 18 8 9 6 1 10 
36 8 9 10 13 10 23 13 9 6 4 7 6 10 19 26 13 17 24 32 27 31 30 17 26 22 16 14 13 13 22 8 13 17 15 12 12 9 7 11 9 12 16 10 6 6 5 7 0 6 7 6 6 4 12 3 3 3 4 9 10 13 14 17 22 14 7 7 3 11 
31 10 7 10 9 10 15 18 10 5 11 13 15 25 28 32 21 25 33 31 28 32 21 29 24 16 11 8 10 10 17 8 16 16 28 14 6 11 9 16 15 16 13 13 7 5 5 6 1 0 4 5 6 5 10 5 3 8 9 8 12 18 18 20 19 6 12 9 5 6 
42 10 7 8 8 9 9 11 7 6 8 9 12 10 19 25 17 13 18 26 28 33 28 24 29 15 20 14 14 8 9 9 12 16 14 8 10 9 8 11 7 10 9 10 7 6 4 3 3 4 4 4 3 7 9 3 2 2 7 5 3 8 11 13 12 9 6 4 1 1 
39 14 10 10 7 7 8 9 6 7 7 10 8 9 18 19 19 15 25 22 32 29 24 34 20 12 11 8 12 9 9 8 13 17 9 12 8 8 9 12 8 7 9 7 5 5 6 5 2 5 7 8 7 10 22 10 3 6 6 5 10 7 20 17 13 7 2 4 2 1 
36 14 14 12 8 4 11 8 4 5 9 5 9 10 19 27 14 21 18 22 30 18 17 25 14 12 7 7 9 4 8 11 9 16 18 11 14 10 12 21 15 11 10 6 6 5 6 9 5 4 3 5 2 1 7 4 4 8 9 3 9 15 20 22 12 9 9 5 2 2 
51 33 15 14 13 10 12 11 6 5 9 10 12 9 17 38 18 13 19 20 24 16 14 15 16 7 4 5 4 6 10 16 13 16 17 15 9 10 15 5 10 15 8 6 6 2 4 6 6 5 4 1 2 2 6 5 6 7 9 8 15 9 18 22 13 11 6 2 1 0 
56 16 9 11 10 7 9 6 2 5 7 10 8 9 15 24 10 17 14 16 19 11 10 15 11 6 3 3 6 6 9 10 15 24 13 18 17 13 19 17 16 22 15 17 16 15 23 22 13 9 9 5 2 2 5 4 5 4 5 8 10 9 10 15 9 3 1 4 0 0 
47 18 8 12 9 10 20 8 4 5 6 10 7 7 14 18 10 18 14 21 35 19 11 13 11 6 8 5 7 4 13 15 28 18 17 18 23 13 14 19 7 11 9 9 5 7 12 11 7 6 3 4 4 3 3 2 1 10 4 3 7 12 14 13 10 5 3 2 1 0 
39 9 7 7 9 9 8 3 2 4 5 9 7 9 12 19 10 14 14 10 19 6 8 12 12 5 3 2 5 6 6 10 12 23 16 16 18 15 13 10 11 12 7 12 9 8 14 11 6 6 3 1 5 1 6 7 5 15 3 9 20 14 12 15 6 5 4 1 1 0 
34 7 8 9 6 1 8 6 5 4 9 12 12 13 20 24 18 20 21 19 15 16 16 12 23 6 5 7 3 6 12 9 16 28 20 23 32 21 18 25 27 14 14 12 7 9 9 8 7 10 2 1 4 3 3 8 3 10 9 9 18 11 17 20 13 8 5 6 4 1 
36 7 6 10 9 4 8 6 7 5 10 11 15 14 16 26 14 11 11 10 19 5 6 8 4 7 4 5 2 1 6 9 10 24 19 18 17 9 17 14 15 8 7 9 9 7 10 8 5 9 3 5 5 4 6 11 9 18 8 9 13 11 8 12 4 4 3 3 1 0 
24 8 4 6 6 5 6 3 8 6 7 17 17 14 13 32 14 29 14 16 17 14 13 11 8 6 5 7 7 7 9 13 13 22 14 24 18 18 21 15 17 15 13 12 6 13 7 10 3 8 3 3 4 3 5 10 6 7 7 3 10 9 8 12 11 5 1 2 2 1 
32 5 10 9 19 7 8 7 8 5 4 20 13 16 22 31 13 21 8 14 10 9 4 12 8 5 7 5 4 7 1 9 9 16 8 15 14 12 20 11 15 15 15 21 8 18 13 11 7 18 8 8 4 5 9 11 7 10 6 7 9 6 4 8 10 4 4 1 2 0 
39 8 3 4 5 4 3 4 6 10 13 21 14 20 19 22 22 14 16 14 16 13 12 17 14 8 6 9 7 5 2 5 9 19 9 16 12 14 26 15 17 13 13 16 11 15 7 5 4 13 5 5 5 9 5 17 12 10 7 11 11 10 5 9 23 8 7 4 3 3 
31 10 6 6 9 4 4 2 4 8 9 22 15 20 15 27 16 25 16 7 8 7 5 5 8 4 3 13 12 7 13 10 8 30 17 11 17 13 16 9 11 7 7 7 11 7 10 3 4 7 4 2 4 4 5 11 3 8 6 8 8 7 7 10 7 4 5 3 2 1 
38 7 12 7 10 4 7 7 7 11 12 34 20 18 12 23 25 22 15 14 11 9 5 6 8 11 14 19 11 6 14 12 11 14 13 7 9 8 14 9 13 9 9 10 8 7 5 4 4 3 3 4 4 3 5 7 7 10 2 9 9 7 8 6 12 7 2 2 1 1 
39 17 11 11 14 4 8 7 8 9 13 18 26 27 27 29 17 36 20 12 11 8 7 7 10 9 14 13 15 11 16 5 6 11 10 6 6 5 14 3 8 6 7 5 7 8 6 6 1 4 3 3 4 3 3 5 5 4 6 8 8 7 4 5 9 4 6 2 4 2 
54 16 11 10 14 6 5 4 5 9 10 17 17 15 13 28 23 16 21 17 13 11 7 9 8 9 12 15 14 10 14 9 7 12 8 6 11 10 14 8 11 11 6 5 11 7 4 2 2 4 1 0 2 1 2 7 4 8 7 9 20 13 12 14 10 7 7 1 3 1 
49 14 10 6 11 2 2 7 8 7 9 20 21 22 21 22 24 27 18 14 9 11 12 11 15 14 19 14 21 17 16 12 8 15 21 10 7 5 12 5 4 6 8 9 11 4 5 4 2 4 0 0 0 0 1 4 1 8 7 10 9 7 9 10 9 5 5 5 3 2 
52 15 4 9 13 1 2 4 6 4 7 11 13 17 10 21 17 21 21 10 9 9 9 7 12 11 21 26 22 15 19 15 9 13 13 6 4 8 9 6 2 5 6 6 10 6 6 4 2 1 0 0 0 1 1 5 6 7 9 23 16 10 11 11 19 15 7 6 6 6 
49 16 15 15 15 10 7 5 4 8 4 4 12 14 16 15 22 32 17 12 11 17 5 9 14 7 13 15 16 13 12 12 9 12 7 3 6 4 7 8 5 9 4 11 25 10 5 5 5 3 2 0 0 0 1 2 3 2 2 7 5 2 7 8 10 7 3 4 3 2 
41 10 9 8 9 6 2 1 4 0 4 7 5 15 15 14 22 21 32 15 11 12 12 18 18 16 30 17 19 11 13 8 9 11 8 7 6 4 8 8 8 8 9 16 13 10 13 7 6 3 0 0 0 0 0 0 3 4 1 6 6 5 10 10 11 21 8 5 6 4 
47 22 10 7 9 8 7 6 4 3 6 3 8 8 9 10 22 20 28 15 14 14 10 8 13 10 8 9 10 3 8 7 6 8 7 7 6 4 3 8 3 10 9 8 16 6 5 5 2 1 0 0 0 0 0 1 1 3 2 5 4 2 6 6 6 4 2 5 6 7 
39 9 11 10 8 6 6 3 7 2 3 4 4 15 11 13 15 17 36 18 17 12 13 8 13 10 6 11 12 6 11 11 10 14 13 9 8 7 2 11 6 9 7 9 12 6 8 4 4 2 1 2 0 0 0 1 2 2 1 4 3 1 2 6 6 5 4 8 5 5 
21 12 6 5 6 2 2 2 7 4 4 5 5 6 7 9 9 13 26 14 10 9 13 10 9 5 5 6 5 3 8 9 2 16 10 5 11 10 13 22 13 8 7 11 11 8 11 8 4 1 1 2 1 1 0 0 0 1 1 2 0 2 1 2 5 5 6 6 8 17 
20 5 8 7 8 5 8 8 21 6 7 5 7 9 6 7 12 12 22 14 10 16 4 7 8 4 5 1 5 6 7 4 5 12 6 7 14 6 3 13 5 10 8 9 11 11 23 7 8 7 5 7 3 1 1 0 0 0 0 3 0 1 1 2 2 6 6 7 14 20 
13 4 3 2 3 0 4 2 11 6 5 10 7 14 8 7 14 14 23 11 10 23 10 14 6 2 7 4 3 2 5 7 9 15 13 8 10 8 9 13 13 20 15 10 11 7 5 9 1 3 2 6 1 1 0 0 0 0 1 1 0 0 0 2 5 11 8 12 14 20 
19 5 3 2 2 1 2 4 5 2 2 4 9 8 7 5 8 14 21 21 16 18 11 22 7 6 6 2 3 4 9 9 14 27 12 7 13 9 12 12 9 9 8 5 3 3 5 2 4 3 4 6 2 2 1 3 2 1 0 2 2 1 4 6 5 10 15 23 13 52 
15 4 3 2 1 5 2 5 6 3 1 2 4 4 2 8 7 7 13 11 8 11 8 8 6 4 3 3 2 5 6 10 10 22 11 11 21 12 10 8 8 7 9 5 3 6 4 3 3 4 3 7 3 2 3 1 2 0 0 5 2 3 3 5 6 8 13 23 19 38 
16 0 2 3 3 6 2 4 6 4 3 4 3 6 3 9 7 7 10 12 7 11 7 6 5 2 2 1 2 4 5 10 7 23 12 8 15 15 11 12 9 11 9 6 4 8 10 4 5 5 5 16 8 5 6 2 2 3 3 6 2 2 3 3 5 5 7 6 12 16 
38 7 7 9 6 12 5 6 10 5 2 5 4 5 3 11 7 9 10 14 7 8 5 6 4 1 2 2 4 5 3 7 5 11 6 13 12 8 9 5 7 18 24 11 12 10 9 7 4 4 3 7 2 1 0 1 1 0 1 7 2 3 2 3 4 4 5 9 9 16 
16 2 6 5 3 15 9 9 6 6 6 5 6 6 8 12 11 15 12 21 13 12 7 8 6 3 4 3 2 4 6 4 7 13 10 5 15 9 7 4 5 8 7 5 4 4 5 2 1 3 5 5 2 4 3 3 6 8 6 17 7 4 1 0 4 6 5 7 10 15 
17 6 7 8 7 14 8 11 12 10 7 8 7 9 10 13 13 11 10 16 6 10 5 6 6 4 5 4 6 3 5 7 8 7 8 11 10 6 5 2 7 3 9 5 5 10 7 4 1 1 3 4 2 1 3 2 2 3 2 7 4 4 2 2 2 3 3 4 8 9 
15 9 9 9 10 20 12 18 15 13 8 9 10 9 12 20 13 18 14 21 15 11 9 7 7 8 11 5 10 11 11 20 10 19 8 13 19 7 6 5 5 8 11 4 7 21 6 6 6 5 4 5 1 0 1 3 2 3 2 5 2 2 1 1 3 2 2 4 4 13 
21 7 12 15 21 23 21 20 19 23 12 8 7 15 15 23 20 15 7 12 5 8 8 8 11 6 14 6 8 6 8 6 5 3 2 5 13 4 3 4 2 1 4 2 2 6 3 2 2 2 0 2 0 2 1 3 2 4 2 1 1 3 1 1 0 1 1 3 2 11 
21 3 6 6 14 21 13 14 16 15 16 14 15 10 21 22 22 17 10 18 10 8 9 15 21 11 14 10 7 7 9 10 3 5 6 5 8 1 1 0 1 1 4 3 3 6 1 2 3 1 1 2 1 0 2 6 0 4 2 4 1 1 1 0 0 0 1 3 3 13 
32 10 9 10 16 17 14 17 29 18 16 17 13 15 20 24 23 9 9 18 8 9 7 8 16 12 22 14 12 10 14 7 4 3 6 4 4 2 1 1 2 2 3 5 1 5 4 3 1 1 2 4 2 2 4 4 3 4 2 3 1 0 0 0 2 5 4 3 7 44 
14 4 2 9 3 14 11 16 16 12 12 16 14 15 20 19 16 15 13 13 6 9 12 11 24 16 20 15 17 14 21 9 5 14 9 2 8 3 3 2 2 0 0 4 2 3 3 3 1 2 3 6 2 3 4 7 6 3 3 3 3 1 0 0 1 2 1 2 3 11 
12 4 2 4 9 7 6 11 13 9 6 8 10 8 6 14 11 7 3 10 11 7 13 18 22 18 25 15 17 14 12 8 2 5 7 3 4 2 3 2 0 3 1 4 0 4 1 2 1 1 3 10 2 5 4 10 8 5 4 2 3 1 0 0 0 1 1 2 3 9 
11 1 2 3 3 6 11 8 12 6 2 3 7 8 8 11 8 6 6 7 5 12 9 15 22 21 28 19 12 12 18 10 5 4 5 2 3 2 2 2 1 1 2 5 3 4 1 3 3 4 1 11 11 8 12 21 13 9 6 2 4 3 2 0 1 1 1 1 6 10 
18 0 5 4 5 7 8 9 16 10 4 9 8 5 6 9 6 5 4 6 4 10 10 23 17 16 29 18 15 8 15 10 8 5 6 2 2 0 1 3 2 1 3 4 2 3 3 5 5 5 6 10 14 12 10 20 14 7 5 7 5 0 3 2 2 5 3 0 4 14 
16 1 3 1 3 2 2 2 6 4 2 3 3 5 6 8 5 3 2 1 1 4 10 9 16 16 20 13 25 17 30 12 12 14 15 11 5 5 6 2 6 6 5 17 5 6 11 8 7 9 12 20 10 11 13 11 13 9 7 2 4 3 6 2 5 3 2 2 3 8 
16 1 2 3 3 2 1 2 6 3 2 4 2 1 6 7 5 9 3 4 4 6 7 13 11 16 24 13 13 10 12 8 7 7 2 3 1 2 2 1 0 3 3 5 5 1 4 7 3 4 6 15 10 11 8 13 9 9 6 7 6 1 8 6 6 4 3 3 7 10 
14 2 2 1 1 1 4 2 2 0 3 3 1 4 6 11 8 8 3 3 1 5 7 13 10 13 20 11 11 10 14 4 5 6 6 3 3 0 3 2 2 3 2 6 5 6 4 10 10 9 11 23 12 9 10 14 10 5 5 6 4 6 8 3 6 3 5 2 5 6 
37 8 8 5 5 4 4 2 5 2 3 6 4 11 7 14 11 12 8 7 3 3 5 6 8 7 11 4 4 5 6 2 2 3 4 4 2 1 2 1 1 1 2 7 3 4 5 7 3 7 7 22 6 12 10 27 13 8 7 10 9 8 24 7 10 10 10 10 19 19 
15 6 5 5 3 3 4 1 3 2 3 4 5 8 13 14 9 11 8 6 5 3 8 5 7 5 10 5 3 3 5 4 1 2 3 1 0 1 0 1 2 2 1 3 4 2 4 8 8 5 5 5 6 7 7 11 5 1 1 4 3 2 9 7 7 6 7 3 6 9 
19 5 9 3 4 3 4 2 3 1 2 3 8 8 14 16 16 11 7 7 7 4 10 5 3 6 10 2 3 2 5 1 1 2 2 0 0 0 0 0 0 3 3 5 6 6 7 17 8 8 9 13 3 7 1 4 6 2 5 3 4 4 9 3 11 4 8 4 6 5 
16 2 7 6 5 4 4 2 4 2 3 7 8 13 29 19 21 16 11 9 6 11 10 7 5 6 4 2 3 1 2 0 0 0 2 0 0 0 0 0 0 0 1 1 3 2 3 8 7 9 6 7 3 2 5 5 0 0 5 3 6 4 8 8 17 7 9 8 7 10 
13 5 5 8 4 5 6 3 1 3 3 6 6 12 10 14 19 20 12 13 12 11 22 9 6 6 9 5 1 1 0 0 0 0 0 0 0 0 0 0 0 0 0 2 3 3 3 8 5 10 5 4 3 2 3 4 1 2 6 2 4 5 4 2 9 6 2 4 4 8 
29 14 24 11 12 10 19 4 5 6 9 4 7 11 8 14 7 12 6 5 8 7 9 5 4 0 4 1 0 0 0 0 0 0 0 0 0 0 0 0 0 0 1 2 1 3 5 6 6 18 7 5 6 3 4 7 3 2 5 4 4 3 6 3 10 2 3 2 4 6 
11 11 9 3 4 3 5 5 2 3 3 2 6 10 8 7 11 7 8 4 6 7 9 2 6 5 1 1 0 0 0 0 0 0 0 1 0 0 0 0 0 0 0 0 5 3 2 5 3 4 4 3 2 2 0 3 3 1 3 5 2 4 6 1 6 4 4 5 1 11 
12 8 9 8 8 4 7 1 4 4 3 4 5 7 4 7 9 9 4 7 8 14 14 10 6 5 3 2 4 0 0 0 1 1 0 1 1 1 0 0 0 1 0 0 3 1 4 4 3 7 3 2 0 0 2 0 3 0 5 6 6 7 3 1 10 4 4 4 4 10 
11 13 8 3 8 6 3 1 1 2 2 3 2 9 3 2 5 3 5 4 4 3 10 4 4 4 0 0 1 1 1 2 1 1 2 2 1 2 1 0 1 0 1 1 5 4 1 3 1 1 0 1 2 2 5 6 8 10 16 9 8 7 5 4 10 3 5 5 2 10 
26 14 10 9 6 3 2 4 4 1 3 7 5 14 9 8 5 7 5 2 5 3 5 6 1 4 2 1 4 2 2 1 0 2 1 6 1 0 1 3 0 1 5 0 4 6 3 4 5 4 0 2 2 2 1 7 6 6 9 10 7 9 3 4 11 7 7 8 10 38 
10 4 6 4 3 2 0 1 2 1 0 5 3 5 3 3 2 2 2 2 6 1 9 6 2 2 4 4 5 2 2 3 2 2 1 7 1 0 2 2 1 3 7 5 6 10 6 2 4 1 1 0 2 2 2 3 5 10 7 14 15 13 8 11 17 8 8 6 5 15 
9 5 4 1 3 1 0 1 2 1 4 1 2 8 3 4 3 3 2 1 7 4 5 4 5 2 4 2 5 3 3 3 2 2 1 5 3 2 3 1 5 5 6 8 10 8 6 3 2 1 0 0 3 3 3 4 6 11 7 17 10 11 8 13 7 3 6 4 4 14 
7 5 2 1 1 2 1 0 0 2 1 5 2 6 2 2 3 1 2 1 7 3 8 8 4 4 2 3 4 2 3 6 3 5 6 17 5 3 7 5 8 9 13 8 12 19 12 7 7 3 1 1 2 3 2 7 9 19 15 20 11 10 11 12 9 8 7 6 6 9 
3 5 1 2 2 1 0 1 2 3 3 7 6 4 4 2 1 2 2 1 10 5 4 8 5 6 8 9 18 7 3 6 3 3 5 9 2 2 4 1 4 7 8 9 9 13 7 5 6 4 1 3 7 3 7 12 10 19 18 18 17 20 13 19 8 8 8 2 3 6 
0 2 1 1 1 0 1 0 0 1 4 9 3 5 4 4 5 2 7 8 23 10 6 13 10 4 4 4 4 3 3 4 1 1 1 5 1 4 3 6 7 11 11 14 18 16 16 12 8 5 7 4 5 2 4 3 5 10 5 11 10 12 8 15 8 5 4 4 1 3 
0 1 0 0 0 2 2 2 2 6 9 15 4 3 4 4 2 6 5 6 8 6 9 20 11 7 5 4 4 5 4 1 3 3 2 3 2 4 1 5 7 10 13 13 12 16 13 5 4 3 4 2 7 2 4 5 4 10 7 15 13 12 11 28 13 9 7 3 2 3 
0 0 0 0 0 0 0 0 1 1 3 9 4 2 1 3 2 1 2 2 4 4 3 8 5 3 5 0 2 0 2 1 1 2 0 5 1 1 4 1 0 4 8 6 9 15 4 8 4 6 4 1 7 4 3 3 8 7 5 5 5 10 9 14 9 4 3 0 2 0 
0 0 0 0 0 0 1 1 2 3 6 15 2 3 4 3 2 3 5 5 12 7 12 21 5 6 8 4 5 1 2 1 0 1 0 4 1 1 5 3 8 8 17 15 15 24 7 11 6 10 9 9 40 11 14 11 8 7 13 12 13 26 25 44 19 15 10 11 8 1 
