200
200
110 494 170 476 529 370 239 148 118 115 95 87 127 48 136 76 150 153 99 120 171 60 103 50 122 74 112 120 104 171 57 170 93 139 46 258 437 444 274 262 41 429 459 201 134 434 223 214 253 191 64 148 169 138 93 48 150 120 114 63 81 102 89 90 44 81 64 93 116 65 82 77 94 48 92 77 93 96 98 58 109 47 97 86 93 89 110 82 96 77 55 90 89 78 58 72 57 47 32 27 28 33 35 51 93 49 86 74 71 58 83 67 73 93 57 92 67 66 64 46 36 32 34 27 42 29 28 43 38 63 32 54 31 43 60 38 36 55 43 38 73 39 38 36 40 41 30 32 25 50 23 16 11 9 9 5 1 0 0 0 0 0 1 2 2 4 6 5 16 5 7 6 2 3 7 7 6 12 4 26 8 10 9 5 6 7 9 12 29 24 28 38 62 55 42 61 105 74 67 138 
626 143 144 120 83 62 37 24 26 27 20 30 20 31 30 34 22 35 35 33 28 25 28 31 18 22 21 21 28 28 30 37 42 52 52 43 73 94 101 109 91 134 108 100 104 18 83 55 50 58 61 58 45 35 36 35 34 25 39 34 23 31 21 17 23 14 14 17 25 15 15 17 22 15 15 16 15 17 24 20 22 26 18 24 19 14 18 15 17 20 20 25 20 21 34 21 17 13 8 9 8 5 5 6 14 16 15 7 12 14 12 10 10 15 23 19 18 11 8 9 6 1 4 4 6 2 5 9 9 16 13 15 10 14 20 12 11 13 10 13 14 8 5 3 11 5 7 5 4 4 2 1 3 1 2 0 0 0 0 0 0 0 1 1 2 0 3 4 8 3 2 2 1 3 3 5 4 4 6 22 10 6 3 5 7 6 2 1 6 6 6 4 11 11 14 11 16 15 16 50 
118 116 122 120 94 68 46 23 23 26 25 27 17 30 31 28 28 26 32 30 18 28 24 32 18 20 21 21 23 29 42 30 36 39 42 68 65 79 71 84 164 47 105 100 97 78 72 59 41 53 63 54 28 30 37 40 34 29 34 31 32 26 22 17 27 21 18 23 18 12 18 20 14 16 17 16 21 18 25 14 21 23 18 23 13 14 23 14 18 17 19 18 18 22 23 12 11 7 7 3 8 5 6 4 13 15 8 10 10 9 24 11 18 13 22 18 21 9 6 7 7 7 8 3 9 6 9 8 15 18 9 30 15 15 12 11 7 15 10 9 11 8 4 6 8 4 3 4 5 7 2 4 2 2 3 1 1 0 0 0 0 0 1 1 1 3 5 3 7 4 4 4 1 2 3 0 2 3 3 7 4 3 3 2 2 5 2 5 12 5 5 7 11 10 15 11 18 10 16 44 
654 108 113 81 82 76 50 30 28 22 20 27 19 25 19 25 20 19 28 26 29 20 25 26 20 19 15 13 25 28 32 36 43 41 31 56 58 68 70 81 133 79 83 88 71 60 70 48 39 44 40 18 38 34 36 28 31 19 25 15 20 22 18 19 26 11 9 20 22 17 21 22 23 24 34 16 10 16 20 24 21 16 17 19 16 15 18 7 16 15 22 19 16 33 29 13 21 15 10 10 7 7 4 5 14 17 11 6 10 12 26 17 11 14 17 13 13 6 7 7 7 3 6 4 7 6 7 6 7 12 9 14 10 14 15 14 8 11 9 7 11 6 7 4 7 4 3 3 1 4 1 3 2 2 3 1 2 1 0 0 0 1 2 4 3 6 9 6 19 10 5 6 4 6 4 3 3 3 2 6 1 4 4 6 4 8 10 6 24 8 10 10 17 12 13 13 19 10 11 34 
494 83 97 80 57 35 20 23 20 18 17 19 9 16 15 16 10 19 19 25 27 28 27 18 15 17 15 23 25 28 27 27 27 35 24 30 50 64 61 56 118 76 71 57 68 47 46 28 28 32 31 23 29 15 19 23 23 17 24 23 21 25 14 18 24 14 13 24 20 14 14 22 12 12 14 9 9 10 15 18 13 25 11 22 9 13 17 7 17 7 14 14 13 15 13 9 14 14 4 4 10 10 9 5 12 11 10 9 16 11 19 17 18 15 13 14 11 7 5 7 4 5 7 3 8 5 4 8 8 8 4 11 11 13 9 6 5 7 8 5 4 6 3 3 5 4 5 3 2 7 3 3 1 4 3 2 3 1 2 0 0 0 0 2 1 4 7 4 7 4 2 2 2 1 2 0 1 1 4 7 2 2 2 4 5 3 3 3 6 2 4 6 7 8 10 10 11 4 15 38 
344 62 69 56 30 21 14 13 12 16 11 15 15 11 10 16 13 11 23 19 21 19 22 21 14 18 11 19 13 20 20 28 27 32 26 20 35 44 55 52 100 55 52 46 43 29 35 29 26 21 21 21 19 16 21 17 21 14 24 16 16 13 12 16 24 17 15 23 15 17 18 11 16 9 9 10 9 11 13 10 13 8 9 20 13 7 6 11 13 10 7 13 11 14 14 12 9 5 9 3 8 7 5 3 6 7 5 3 5 5 12 5 10 10 9 9 11 5 5 4 6 3 7 5 3 4 5 5 5 11 8 12 9 15 13 6 10 17 6 4 6 5 1 4 3 1 2 2 1 6 3 2 1 4 4 3 2 2 3 1 1 0 1 4 5 3 3 7 5 4 4 1 2 0 0 2 2 3 2 4 2 1 1 3 1 4 2 3 8 6 5 4 8 6 8 9 13 7 9 25 
145 47 47 45 23 35 20 19 24 15 15 15 13 14 9 8 8 7 19 16 22 24 21 19 22 18 17 18 22 20 23 34 21 26 21 26 19 35 36 31 62 35 33 26 18 19 24 17 14 17 15 19 10 12 12 18 18 15 21 20 13 12 9 10 15 9 11 14 14 16 21 13 13 9 8 4 10 9 12 14 16 20 16 23 14 13 10 12 16 8 6 6 10 9 10 6 7 10 13 6 11 5 7 6 8 6 6 6 5 7 8 8 10 6 9 8 9 5 3 4 2 3 6 1 5 2 3 6 4 8 9 10 14 26 12 12 10 7 4 6 6 2 2 0 3 0 1 1 2 4 1 3 3 4 9 4 1 3 1 1 1 2 3 2 3 4 6 4 13 5 7 1 2 1 0 0 2 0 2 3 0 3 2 2 2 1 2 4 9 3 4 4 5 7 9 5 15 9 24 30 
68 16 26 18 14 10 4 15 12 7 6 7 1 6 5 7 8 6 13 12 22 26 23 27 21 18 15 10 15 24 17 16 24 24 27 22 20 20 20 18 40 20 25 16 17 11 14 9 3 3 11 11 6 9 5 11 4 5 12 10 8 16 7 10 15 10 16 19 20 17 12 18 11 7 11 2 5 2 5 5 9 7 13 9 6 5 6 3 7 6 6 5 11 10 10 14 19 13 11 10 16 11 9 6 3 5 3 2 5 8 10 6 6 4 6 7 3 4 4 3 5 3 8 2 1 1 1 2 4 3 1 3 4 11 9 6 7 11 3 5 1 3 1 1 2 0 0 0 0 3 1 2 4 2 4 5 2 1 1 1 1 1 1 1 4 4 11 3 8 6 4 2 3 0 0 0 1 0 0 3 2 2 1 4 2 4 1 4 7 2 1 2 2 0 3 3 4 1 6 15 
75 7 13 18 10 13 6 7 11 6 8 6 3 5 8 8 8 18 25 24 14 33 37 23 20 21 19 19 16 19 18 17 22 24 26 20 18 27 22 34 21 23 28 17 20 12 11 7 6 6 9 10 6 4 7 11 12 5 12 12 10 8 5 12 12 12 9 14 20 16 20 17 10 7 12 6 8 3 5 5 13 8 10 12 11 9 6 9 5 6 4 7 8 7 9 5 10 13 7 11 18 13 14 4 7 5 5 3 4 7 6 4 6 6 6 6 5 5 6 4 8 7 19 8 4 5 3 4 4 4 3 3 1 6 5 5 4 9 4 3 3 3 2 2 0 0 0 1 2 2 6 4 6 6 22 8 3 2 6 2 4 1 2 3 1 1 11 3 5 3 1 3 2 0 0 0 0 0 1 3 1 1 1 5 1 2 3 1 6 1 1 2 2 1 2 2 3 1 6 10 
79 12 10 13 11 12 6 7 5 6 7 4 3 7 4 4 8 7 13 13 28 17 23 18 20 23 18 11 19 27 22 23 20 23 28 22 21 25 18 27 37 23 24 19 19 14 29 8 5 8 9 8 8 6 8 5 7 9 8 8 7 9 3 5 12 11 14 21 17 12 14 23 15 12 12 7 9 9 8 14 21 12 15 14 13 11 13 10 11 5 7 6 8 6 6 6 11 8 4 9 12 9 12 6 7 6 6 4 1 11 9 8 6 9 17 8 7 6 9 6 3 3 8 3 2 4 2 2 0 0 1 3 7 8 7 3 6 14 9 10 7 9 2 3 2 0 0 0 0 0 1 1 2 1 8 2 1 5 4 3 4 6 6 6 10 7 22 9 6 5 3 7 2 1 0 0 0 0 1 2 2 1 2 4 3 4 5 2 6 2 1 0 2 1 1 2 3 2 5 8 
73 20 13 14 8 7 7 5 9 3 6 5 3 7 7 5 14 11 15 16 28 26 23 24 19 28 12 21 21 21 19 27 24 21 19 31 28 51 35 58 31 29 31 25 24 14 18 14 5 6 5 9 5 5 10 11 8 8 9 13 5 8 5 6 6 5 8 11 17 13 11 14 5 5 4 3 3 4 5 7 11 10 12 13 10 12 12 7 9 9 7 6 6 8 9 7 12 10 11 9 23 12 10 9 11 8 4 3 5 7 9 5 3 6 7 7 4 6 7 6 2 2 7 3 4 1 0 0 2 1 2 2 4 6 3 2 5 12 5 2 6 7 1 1 2 0 0 0 0 0 2 3 1 2 9 3 3 4 4 1 0 2 3 2 4 1 9 6 5 3 3 2 2 0 0 0 0 1 2 1 1 2 1 5 3 5 5 4 10 2 2 3 1 1 0 2 2 3 5 7 
83 18 17 16 13 11 9 7 7 5 8 11 10 14 6 6 7 11 16 12 25 21 18 22 17 21 20 12 18 19 17 34 23 25 30 26 38 46 34 22 48 34 36 26 15 11 14 12 8 7 10 5 8 11 12 15 17 11 15 20 13 8 7 9 16 13 13 15 24 14 17 17 14 10 6 6 3 5 6 8 10 9 16 21 19 27 21 19 22 14 16 16 15 11 16 15 21 12 14 13 30 13 17 8 9 8 10 7 6 5 10 7 9 5 9 5 5 4 8 3 4 4 5 1 8 1 0 1 0 1 1 3 4 5 5 3 8 8 4 5 2 8 5 1 2 1 1 1 1 0 2 3 2 2 10 4 3 4 6 3 2 2 3 2 1 4 8 4 5 7 3 2 3 0 1 0 0 0 1 1 2 2 5 5 6 5 5 4 7 1 3 1 2 2 1 2 2 1 4 2 
98 20 17 16 13 14 2 8 9 3 5 3 3 7 1 7 9 7 11 11 15 25 18 17 14 21 14 11 16 21 16 36 25 21 19 17 27 43 31 54 51 21 32 28 16 11 13 13 11 16 7 9 12 8 19 19 17 10 13 12 6 6 5 3 3 4 6 6 12 5 14 13 6 7 7 2 7 5 3 6 12 8 13 10 11 16 10 12 14 11 9 10 12 6 18 7 10 8 7 7 19 12 16 9 9 10 9 9 12 26 12 13 11 10 12 7 6 7 7 4 3 6 5 5 6 4 2 2 0 0 0 1 1 3 1 3 4 4 4 4 4 10 4 2 2 0 0 0 2 2 2 5 6 5 12 3 5 4 9 3 4 0 1 4 1 2 7 1 5 5 3 3 1 1 2 0 1 4 1 2 5 3 6 22 8 4 12 8 9 3 4 0 2 2 0 1 1 0 4 2 
40 16 15 19 8 12 5 5 8 5 2 4 2 10 6 7 5 7 11 9 15 18 15 13 14 19 19 12 25 27 31 23 30 32 39 34 44 52 44 51 52 36 38 31 25 20 15 24 16 22 10 11 6 10 20 11 11 11 10 11 5 1 0 2 5 1 5 4 9 6 8 12 5 5 6 5 6 5 6 6 15 10 21 16 13 17 10 12 14 20 10 13 10 7 16 11 11 13 14 14 20 16 25 14 10 15 12 11 9 11 9 10 8 8 7 5 6 3 12 3 6 0 4 4 5 2 2 1 2 1 0 1 1 4 3 2 2 7 2 5 6 6 6 3 1 2 3 2 0 2 1 9 2 8 8 7 2 7 7 2 3 2 2 2 3 4 8 4 4 10 4 3 2 2 0 0 0 1 1 2 1 3 6 8 5 3 6 4 9 6 3 2 1 0 0 0 0 0 0 0 
82 16 16 18 15 8 9 8 7 4 9 7 4 9 7 7 11 12 16 15 18 27 13 15 10 14 13 8 18 15 16 29 17 25 14 26 35 46 41 27 70 37 45 37 27 19 17 18 10 17 10 10 16 16 22 14 11 11 11 11 6 5 3 4 2 2 1 4 8 6 6 10 9 9 6 1 2 1 2 2 4 7 12 7 9 9 11 17 17 20 21 22 25 19 24 16 26 17 17 11 14 21 19 10 14 9 8 10 11 9 19 6 11 6 9 9 7 8 20 8 8 6 8 3 10 4 2 0 2 3 1 0 2 2 4 4 6 8 7 6 5 24 5 7 9 8 3 3 5 3 3 5 5 5 12 5 5 7 9 5 5 3 2 3 2 3 5 3 4 9 5 3 3 3 1 1 1 2 2 2 3 2 6 10 5 11 10 10 20 9 3 7 3 4 1 0 0 0 0 0 
71 11 13 18 13 10 7 9 12 10 7 5 5 12 7 3 8 7 8 7 9 12 9 10 9 11 9 11 13 13 17 25 15 16 25 28 28 50 38 62 39 34 30 35 30 24 17 13 11 13 8 9 11 11 10 13 11 6 10 8 7 5 3 3 2 2 4 3 9 8 9 11 16 7 5 3 3 4 3 2 7 4 7 8 7 14 10 7 11 15 10 13 17 8 20 12 13 7 3 9 7 13 10 4 11 8 9 8 6 9 14 4 4 10 7 4 4 3 9 4 3 3 4 2 7 2 2 3 4 0 4 1 1 5 3 3 2 2 3 4 4 11 2 4 5 3 3 2 3 2 3 10 7 7 10 8 11 12 23 8 6 4 2 4 8 5 7 3 6 20 9 5 3 4 3 2 2 3 2 1 4 3 2 7 4 4 2 3 9 5 4 2 2 0 0 0 0 0 0 0 
64 14 10 32 11 16 13 18 14 17 11 9 11 12 11 8 9 11 11 6 10 12 7 9 7 10 15 11 19 13 12 13 16 13 22 21 30 44 39 52 69 35 38 30 23 15 17 11 9 18 7 14 11 10 15 11 14 6 8 6 4 3 2 1 1 3 4 6 10 6 7 17 14 13 14 8 4 7 5 3 4 2 7 3 3 8 7 4 14 17 15 11 21 22 20 15 22 19 17 12 17 10 4 9 5 6 9 9 11 17 29 13 9 8 10 9 6 3 8 3 3 5 4 4 10 3 3 3 2 3 2 3 2 3 2 3 2 2 3 3 4 8 6 6 3 4 5 6 3 3 5 11 6 8 12 5 8 8 12 5 2 1 1 1 2 2 5 2 2 10 3 2 0 3 2 1 2 2 2 1 2 2 4 2 2 4 4 5 9 2 3 2 3 2 1 0 0 0 0 0 
45 16 17 21 14 17 12 17 19 13 16 14 13 17 18 12 16 16 20 10 10 16 11 10 12 12 14 19 22 17 10 14 9 11 21 17 31 40 44 47 65 38 40 37 37 28 21 21 27 27 26 25 17 24 16 20 17 11 8 11 7 3 6 2 1 0 4 4 5 8 10 11 12 9 3 11 5 6 3 6 4 3 6 1 5 5 6 5 8 7 5 6 9 9 12 8 13 9 8 8 8 9 7 6 6 10 8 11 12 11 21 13 8 9 7 5 4 4 7 4 8 6 8 9 23 9 8 5 4 7 4 5 1 5 2 3 5 2 2 7 3 12 8 7 9 6 6 7 10 13 15 20 20 16 23 17 16 13 15 4 6 5 2 2 2 2 2 2 3 9 1 2 2 3 2 3 0 4 1 2 2 2 3 5 2 4 2 2 6 3 3 1 2 1 0 0 0 0 0 0 
50 10 6 21 12 13 11 19 19 19 21 12 16 14 18 13 10 9 10 10 12 9 8 6 14 10 11 8 13 7 6 12 8 10 15 20 26 33 29 48 76 50 28 29 30 20 13 14 17 26 13 21 17 11 10 18 12 8 6 6 5 5 6 2 2 3 4 5 7 7 7 11 15 15 12 8 9 12 6 11 4 4 7 2 4 3 2 3 7 13 7 9 13 12 20 9 13 7 7 7 3 8 3 5 5 5 6 4 7 7 9 7 3 6 6 4 0 1 6 1 3 3 3 6 8 3 2 4 3 3 3 4 3 6 3 2 4 4 5 3 7 9 2 9 9 7 5 4 5 10 6 11 8 6 15 9 8 7 9 5 2 0 0 2 2 1 1 3 2 4 2 2 3 4 3 1 0 6 2 2 1 2 2 3 1 3 2 1 5 2 1 0 0 1 0 0 0 0 0 0 
53 11 15 23 14 20 17 19 19 15 20 17 20 24 20 14 13 12 14 8 6 8 10 6 11 9 15 10 16 11 7 8 7 11 14 29 33 55 39 64 24 54 41 41 35 32 23 14 11 28 19 14 16 15 14 15 11 9 6 5 3 4 4 2 1 5 6 5 5 7 10 14 11 16 16 15 10 17 9 11 11 5 5 2 3 3 2 1 3 7 7 8 8 10 20 8 13 3 9 5 3 5 2 3 2 3 2 4 4 6 8 3 3 4 2 1 2 1 3 2 3 4 5 4 9 3 4 4 5 4 6 5 8 19 7 5 6 7 5 6 4 11 4 7 8 5 5 5 6 8 7 13 7 10 9 6 11 8 8 3 5 1 1 1 1 0 2 1 1 3 1 1 4 2 2 2 4 8 2 5 1 0 0 3 1 0 1 1 4 0 1 1 0 0 0 0 0 0 0 0 
57 14 13 23 20 24 25 20 29 17 30 29 35 40 32 27 23 20 17 21 19 12 9 12 17 19 21 16 13 8 8 13 7 6 13 18 31 21 49 53 26 51 53 46 37 36 30 22 22 28 21 22 22 17 17 15 12 7 7 8 2 5 5 2 1 5 3 6 8 12 17 26 21 23 24 20 10 18 13 12 7 7 12 4 5 4 3 3 2 6 9 8 11 9 16 6 10 12 6 5 3 5 3 3 4 5 4 8 4 5 11 5 4 6 4 1 0 0 2 1 2 1 2 2 3 2 1 1 3 1 2 5 4 9 0 1 2 3 9 5 10 16 10 12 13 9 7 12 4 10 9 11 10 10 9 10 7 7 7 3 2 2 1 0 0 1 1 2 0 4 1 3 3 5 6 6 9 24 8 9 8 3 4 3 1 0 0 0 1 0 0 1 0 0 0 0 0 0 0 0 
64 10 17 24 18 19 12 23 22 21 12 19 24 32 29 20 21 18 21 15 13 8 16 14 14 24 25 15 14 8 9 12 8 10 17 21 35 46 48 57 62 52 55 34 32 38 34 20 26 38 23 27 24 21 24 13 18 7 11 9 8 6 8 3 4 3 8 6 19 12 12 23 20 27 24 25 17 31 18 18 8 10 12 3 7 5 3 5 4 11 6 11 13 11 18 12 19 9 8 5 6 8 5 9 1 4 4 8 6 2 8 4 3 2 2 0 0 0 0 1 1 3 2 3 4 2 1 0 3 1 2 2 1 4 3 4 3 7 8 8 10 21 9 7 17 6 4 9 5 10 8 11 10 8 14 9 22 9 10 7 6 3 3 1 0 0 1 0 0 1 1 0 1 1 2 3 5 6 2 2 3 1 0 1 0 0 0 0 1 0 0 0 0 0 0 0 0 0 0 0 
99 18 30 36 30 31 18 20 20 27 21 21 27 26 40 25 25 23 16 19 17 14 15 13 16 16 11 9 12 9 10 8 7 10 17 14 15 33 24 34 60 40 34 33 29 26 27 17 22 29 26 20 19 18 15 10 19 9 12 17 2 15 17 13 12 8 13 12 13 11 10 20 17 13 20 22 18 20 20 29 17 12 16 12 7 6 5 5 4 10 3 8 6 5 13 4 12 3 3 5 3 4 4 11 3 5 5 6 6 5 4 3 3 3 0 0 0 0 0 0 0 0 1 1 4 1 1 2 3 1 1 3 2 6 1 3 2 4 3 4 7 11 7 6 10 7 5 4 11 10 8 7 5 6 8 5 13 4 8 3 0 2 2 0 0 0 0 0 0 2 0 0 2 1 3 2 4 10 2 4 2 1 2 1 0 0 0 0 0 0 0 0 0 0 0 0 0 0 0 0 
114 32 31 40 31 20 22 27 18 27 22 16 25 34 22 23 20 24 20 16 21 15 14 14 17 14 19 13 8 14 11 14 7 8 17 17 28 27 33 35 58 35 42 41 30 43 36 27 35 17 30 33 34 28 24 26 18 13 12 10 8 3 10 7 11 11 10 9 10 13 12 18 15 20 27 18 25 20 20 34 18 23 26 14 7 9 8 5 4 13 4 4 7 5 11 5 8 4 5 4 7 8 5 11 5 5 4 11 3 4 6 1 2 1 0 0 0 0 0 0 0 1 1 1 0 0 0 0 0 1 1 3 2 5 1 2 4 4 3 5 3 9 5 6 12 10 10 9 12 23 13 9 10 6 10 5 7 4 10 2 4 4 3 1 0 0 0 0 0 0 0 1 1 2 3 4 4 10 3 2 2 1 2 0 0 0 0 0 0 0 0 0 0 0 0 0 0 0 0 0 
133 26 31 31 24 19 17 17 14 16 20 21 32 27 32 19 19 26 20 21 22 19 17 15 23 17 13 9 17 10 15 11 11 5 14 15 22 29 29 29 68 48 48 43 46 39 48 30 36 34 33 30 26 30 37 22 20 16 19 22 14 14 10 9 10 16 11 14 15 8 10 14 12 12 17 9 12 24 13 17 9 8 16 9 8 8 6 12 13 20 20 13 19 15 26 14 17 6 7 7 9 9 8 14 4 8 8 9 4 3 4 2 1 0 0 0 0 0 0 0 0 0 0 0 1 0 0 0 0 0 0 1 0 2 2 3 1 2 3 2 1 8 4 7 9 6 6 6 6 10 5 7 6 5 6 4 7 6 8 3 3 2 1 1 1 0 0 0 1 0 0 3 0 3 3 3 6 13 4 2 4 3 1 1 0 0 0 0 0 0 0 0 0 0 0 0 0 0 0 0 
78 30 32 46 28 30 16 17 18 19 12 22 28 20 26 25 23 24 25 17 19 16 13 15 31 23 22 20 22 19 17 14 12 12 12 17 15 37 23 27 54 33 40 34 37 30 27 26 19 27 23 16 25 19 17 14 14 7 11 10 8 9 21 10 16 11 17 19 23 21 17 19 15 15 17 12 13 23 13 17 9 10 15 7 4 5 6 9 6 8 4 8 7 7 9 3 9 6 11 7 12 16 12 31 19 16 16 22 12 6 3 4 4 3 2 0 0 0 0 0 0 0 0 0 0 0 0 0 0 0 0 0 1 2 1 0 1 2 1 2 3 4 1 5 9 7 5 8 10 6 6 8 9 6 6 2 9 4 8 5 3 2 2 1 1 0 0 1 2 0 0 3 2 3 4 3 3 6 3 4 1 3 0 1 0 0 0 0 0 0 0 0 0 0 0 0 0 0 0 0 
45 29 31 32 26 17 17 16 13 11 14 15 17 24 25 22 22 28 29 31 28 21 20 16 21 19 14 15 20 14 24 21 13 15 31 27 26 34 30 32 57 31 31 32 28 33 29 19 22 22 18 15 17 14 16 15 12 14 13 24 17 14 20 13 11 14 16 22 22 8 15 12 11 15 12 11 8 23 9 12 12 8 8 6 2 6 9 9 11 7 8 8 8 6 9 6 9 5 6 8 10 15 8 15 8 10 8 12 8 2 3 3 1 0 0 0 0 0 0 0 0 0 0 0 0 0 0 0 0 0 0 0 0 0 0 0 0 1 1 1 2 4 3 2 2 4 6 7 11 9 7 8 7 8 6 6 9 3 6 4 4 3 2 0 1 0 1 1 3 2 0 5 5 5 5 7 2 9 1 2 4 1 2 0 0 0 0 0 0 0 0 0 0 0 0 0 0 0 0 1 
121 34 34 34 23 24 16 15 8 8 11 7 14 12 20 13 20 21 20 20 12 8 12 20 10 12 16 16 13 14 13 19 12 15 22 19 22 24 24 34 24 47 44 36 39 54 35 28 19 29 30 28 20 11 12 11 9 7 7 16 10 10 20 19 18 22 23 27 28 19 17 16 16 19 13 16 13 32 14 16 11 9 10 4 7 8 13 11 17 16 10 5 6 9 7 1 6 4 6 6 5 12 12 13 4 9 3 12 12 1 3 3 4 1 0 0 0 0 0 0 0 0 0 0 0 0 0 0 0 0 0 0 0 0 0 0 0 0 1 1 1 3 4 4 8 9 4 13 24 14 7 16 12 14 4 8 9 10 18 9 5 5 3 3 3 1 2 1 0 0 2 6 4 8 9 11 8 21 5 9 5 5 4 4 0 0 0 0 0 0 0 0 0 0 0 0 1 0 1 4 
176 33 30 38 26 15 14 12 7 7 6 7 15 11 21 17 11 22 12 17 14 16 14 15 13 16 8 14 12 10 12 11 7 4 13 13 11 18 22 19 53 33 28 30 20 32 30 23 20 26 11 18 18 10 11 10 13 14 7 12 10 20 31 21 31 22 28 24 41 23 22 22 16 10 12 6 6 14 7 6 3 3 6 2 2 6 4 4 7 9 1 6 9 2 4 4 8 8 7 12 13 19 14 28 17 12 10 9 7 8 5 2 5 3 0 0 0 0 1 0 0 0 0 0 0 0 0 0 0 0 0 0 0 0 0 0 0 0 0 0 0 1 1 1 2 1 6 8 12 8 5 11 7 6 5 5 5 5 8 4 4 2 2 1 1 1 2 2 3 4 4 5 5 4 4 3 3 9 4 3 3 2 1 0 0 0 0 0 0 0 0 0 0 0 0 1 0 2 0 8 
89 34 43 35 33 21 14 15 8 6 8 5 10 9 16 15 11 17 13 14 16 10 11 14 13 9 11 16 10 8 13 12 13 11 10 15 17 22 23 26 60 35 32 38 35 29 24 19 16 16 17 14 14 11 8 12 11 14 11 10 11 10 16 16 22 24 34 39 29 23 22 16 16 13 14 9 9 11 6 6 4 3 3 2 3 5 1 2 7 3 3 3 3 3 4 0 5 3 5 3 8 11 13 27 17 9 8 8 12 3 6 4 6 2 3 0 2 1 2 0 1 1 0 0 0 0 0 0 0 0 0 0 0 0 0 0 0 0 0 0 0 0 1 0 1 2 4 3 11 5 7 12 5 3 3 3 3 2 7 3 2 1 2 2 0 0 1 2 1 2 2 7 7 4 5 4 4 8 2 3 2 2 2 0 0 0 0 0 0 0 0 0 0 0 1 0 1 0 2 12 
245 46 43 40 28 25 18 17 13 13 11 10 14 10 15 8 13 19 16 14 19 13 14 17 12 7 16 20 12 14 14 10 13 16 14 14 21 27 33 39 42 35 46 43 33 28 16 19 14 10 13 12 11 7 10 8 11 8 11 15 9 15 19 22 23 21 22 21 30 20 28 18 19 11 12 10 11 8 3 3 3 3 2 0 3 1 2 2 1 4 2 4 4 2 3 4 4 7 6 7 12 18 15 14 16 19 10 13 11 8 5 6 7 0 1 1 2 1 1 2 0 1 0 0 0 0 0 0 0 0 0 0 0 0 0 0 0 0 0 0 0 0 0 2 3 6 7 4 13 10 7 23 7 6 9 4 6 3 7 3 3 2 2 1 0 1 2 5 5 7 9 20 8 10 8 6 7 8 4 2 3 3 2 1 0 0 0 0 0 0 0 0 0 0 1 2 2 1 2 17 
232 32 40 35 24 20 9 12 8 10 2 8 11 11 19 15 15 25 24 17 11 15 14 10 5 10 9 16 6 4 9 7 11 11 12 20 28 34 42 36 72 44 32 48 25 27 22 14 11 15 9 12 16 11 6 11 5 9 8 12 8 12 11 15 22 16 25 26 32 26 22 17 24 18 27 18 11 8 12 5 3 1 2 2 1 2 2 2 4 2 1 1 1 0 2 1 5 3 7 5 10 13 13 24 13 13 10 9 15 9 5 4 9 2 6 2 4 5 3 0 2 2 2 0 0 0 0 0 0 0 0 0 0 0 0 0 0 0 0 0 0 0 0 1 0 3 1 2 6 6 7 12 3 5 6 3 2 3 5 2 1 2 1 1 0 1 1 1 0 3 3 3 5 1 2 4 1 3 1 1 1 1 1 0 0 0 0 0 0 0 0 0 0 1 1 1 3 4 2 14 
143 42 43 43 40 18 17 16 9 12 10 4 10 8 20 11 14 22 22 15 10 13 15 7 9 10 9 13 10 7 11 10 11 10 19 17 31 35 38 38 70 39 28 36 27 25 19 18 17 18 14 29 25 16 15 14 12 14 8 15 11 8 17 13 15 11 20 22 29 25 22 21 27 16 15 11 12 10 9 7 5 2 3 2 0 1 0 3 4 0 1 3 1 2 2 4 3 3 10 7 17 14 20 24 18 15 11 18 24 12 9 5 9 8 8 5 3 4 4 3 1 3 2 0 0 0 0 0 0 0 0 0 0 0 0 0 0 0 0 0 0 0 0 0 1 1 4 4 4 4 5 8 6 2 2 4 0 0 2 1 1 2 1 0 0 1 0 2 3 4 4 7 2 5 5 1 3 5 2 2 2 1 0 0 0 0 0 0 0 0 0 0 0 0 0 1 2 0 2 13 
50 59 56 52 33 31 19 19 21 9 11 10 13 16 18 11 15 20 29 17 10 16 14 11 14 9 4 14 13 15 16 12 20 11 16 20 35 39 39 50 119 45 42 44 32 24 23 11 17 13 17 20 14 12 14 14 7 15 6 15 10 10 8 14 14 13 16 21 20 27 19 20 20 16 23 14 10 8 11 12 5 2 2 0 2 1 0 2 2 0 2 6 2 2 4 3 2 4 9 9 13 13 15 20 20 12 11 7 10 6 3 8 9 6 5 3 3 2 9 3 3 2 1 1 1 0 0 0 0 0 0 0 0 0 0 0 0 0 0 0 0 0 0 0 0 2 2 5 4 5 6 12 3 2 3 5 4 2 2 1 1 0 0 0 0 0 0 2 3 1 6 6 3 3 2 2 2 4 1 0 0 0 0 0 0 0 0 0 0 1 1 1 3 2 4 4 7 7 8 45 
101 58 70 61 38 23 21 15 12 8 11 10 11 12 14 13 13 11 28 14 13 13 21 18 21 20 20 24 20 14 21 20 25 25 21 27 44 67 70 103 50 80 65 72 35 33 30 20 16 20 19 26 25 18 24 19 26 27 18 22 24 20 13 17 11 16 24 17 24 18 30 16 29 13 20 9 17 14 13 11 5 7 4 3 5 3 2 3 4 4 6 12 5 6 6 7 5 14 14 17 26 25 20 40 30 28 17 15 21 11 13 7 19 10 9 6 5 5 8 3 3 4 2 3 2 0 0 0 0 0 0 0 0 0 0 0 0 0 0 0 0 0 0 0 0 1 3 0 1 3 2 11 4 2 2 2 2 1 2 0 0 0 0 0 0 0 2 1 2 3 5 4 1 3 1 0 0 0 0 0 0 0 0 0 0 0 0 0 1 0 2 0 3 3 5 6 5 3 3 16 
164 73 71 72 42 32 22 12 12 11 12 17 14 21 22 22 22 24 18 20 23 23 36 25 39 38 38 43 36 31 42 29 28 41 55 50 83 114 107 20 179 117 101 24 68 40 48 28 29 28 19 27 26 18 20 12 14 18 12 12 12 15 9 14 15 18 18 23 24 31 33 30 46 21 19 20 23 18 26 19 11 16 12 10 9 6 5 4 7 8 8 19 13 10 9 11 6 5 5 12 13 12 16 20 21 12 11 10 8 5 6 4 10 7 6 9 10 7 18 8 7 8 6 5 9 2 0 1 1 0 0 0 0 0 0 0 0 0 0 0 0 0 0 0 0 0 0 4 4 2 4 11 5 2 4 1 0 0 0 0 0 0 0 0 0 1 2 2 3 2 7 6 3 5 1 0 0 0 0 0 0 0 0 0 0 0 0 0 1 1 1 2 8 5 1 7 5 4 4 20 
319 71 63 60 62 33 27 16 18 12 13 15 24 23 24 17 22 27 27 20 31 29 49 40 30 51 52 46 40 37 45 36 39 42 55 71 113 161 126 148 138 139 139 140 93 79 53 38 33 40 42 41 35 18 21 22 20 21 18 15 13 22 13 15 16 16 20 25 26 28 24 20 35 27 23 18 22 20 16 25 13 12 14 6 9 10 8 10 12 12 6 20 8 4 8 16 10 7 12 10 17 8 25 21 13 12 9 7 9 4 7 4 4 7 3 6 5 0 8 4 3 5 4 3 7 1 2 2 0 1 0 0 0 0 0 0 0 0 0 0 0 0 0 0 1 2 3 3 4 7 7 21 7 6 5 5 3 2 0 0 0 0 0 0 1 3 3 3 6 4 3 5 4 3 4 2 1 0 0 0 0 0 0 0 0 0 0 2 2 1 2 4 9 4 1 7 4 6 6 18 
410 84 93 79 68 42 32 19 21 20 20 13 24 26 23 18 31 29 31 29 26 33 48 42 43 48 54 52 43 44 56 42 46 47 81 91 157 144 147 173 153 170 173 123 117 92 78 39 49 45 47 58 33 23 30 25 21 20 13 19 15 22 21 24 15 18 34 27 26 25 32 24 42 28 26 26 18 22 28 29 20 16 12 15 13 13 12 17 15 21 16 21 13 27 18 19 11 13 14 15 19 13 22 17 10 7 6 15 13 7 7 5 9 5 6 6 6 5 11 6 5 8 4 5 9 4 3 0 2 0 1 0 0 0 0 0 0 0 0 0 0 0 0 0 0 0 2 2 3 2 3 7 3 4 3 2 3 1 0 0 0 0 0 1 0 3 1 6 6 4 6 7 5 1 3 0 1 0 0 0 0 0 0 0 0 0 0 1 1 3 4 5 4 6 7 10 3 4 3 14 
80 91 106 82 79 55 52 25 29 20 14 22 25 22 27 25 22 23 37 31 40 42 53 54 47 47 47 60 59 54 58 44 52 52 76 117 93 169 186 191 353 193 181 158 123 96 58 49 60 51 61 58 36 25 36 27 24 32 28 21 20 24 18 29 17 19 26 29 26 35 33 23 49 24 29 28 25 28 24 30 25 25 16 17 17 16 13 18 14 22 15 33 17 14 14 13 13 13 8 11 14 9 15 16 11 11 8 11 8 5 4 4 9 7 4 7 10 2 7 7 7 9 7 4 6 5 6 5 3 1 1 0 0 0 0 0 0 0 0 0 0 0 0 0 0 0 1 1 2 2 3 7 4 5 3 2 3 3 1 0 0 0 1 3 3 5 6 4 7 4 11 3 5 4 1 1 1 0 0 0 0 0 0 0 0 0 1 2 2 2 5 4 5 5 4 9 10 6 3 9 
495 98 93 87 64 46 27 20 24 21 23 25 34 25 37 27 45 28 46 33 41 53 69 58 71 42 88 69 66 72 31 56 72 65 98 110 153 173 178 67 415 214 192 152 135 114 94 53 52 49 43 46 42 29 31 20 18 26 19 21 29 29 21 34 13 27 30 25 32 31 41 29 50 41 35 30 38 27 30 29 31 27 22 20 28 30 18 26 31 27 27 38 26 26 12 20 13 14 11 9 16 8 17 17 12 11 8 10 4 2 8 6 9 10 6 9 5 4 7 6 6 5 6 2 10 6 4 4 4 1 1 0 0 0 0 0 0 0 0 0 0 0 0 0 0 0 1 2 2 1 1 6 4 3 2 1 2 2 0 1 0 0 2 3 3 8 8 11 12 10 22 3 7 5 9 3 2 2 0 0 0 0 0 0 0 1 1 3 1 3 8 7 24 4 11 11 9 6 5 8 
53 167 117 33 18 98 80 55 44 41 38 44 22 55 15 42 60 53 53 61 63 58 29 53 94 97 30 28 45 18 48 92 87 73 177 207 55 34 355 33 51 64 20 299 274 215 69 33 54 39 16 64 69 53 23 43 31 33 29 36 34 36 43 24 51 47 23 21 66 41 36 55 22 36 51 46 46 44 46 45 37 25 32 25 32 18 36 45 28 34 31 21 32 26 20 26 27 19 13 18 23 17 22 25 24 14 17 27 15 13 11 10 5 8 8 8 7 7 10 10 9 12 11 13 20 11 10 7 5 5 3 1 0 0 0 0 0 0 0 0 0 0 0 0 0 0 1 1 2 1 3 7 4 1 5 3 3 2 1 1 0 1 2 4 5 6 3 7 10 6 13 5 5 3 0 1 0 0 0 0 0 0 0 0 0 0 1 1 3 5 7 5 14 14 10 16 12 10 5 15 
444 100 85 101 58 51 46 27 30 24 27 22 33 36 30 26 26 37 49 34 54 39 69 58 60 70 82 60 64 55 63 59 51 49 72 98 143 175 178 215 19 220 186 159 133 113 94 62 70 54 50 51 42 26 27 23 20 20 26 19 17 33 19 29 23 20 26 32 33 31 39 34 53 47 32 35 41 35 37 41 26 32 21 19 24 25 15 24 17 16 22 39 36 20 21 12 9 11 8 9 8 13 18 10 6 8 2 10 3 3 3 3 4 15 9 12 6 10 9 9 5 8 10 4 18 6 4 4 0 1 1 0 0 0 0 0 0 0 0 0 0 0 0 1 0 1 4 1 2 2 3 4 3 4 5 4 1 2 2 2 2 0 4 5 6 16 9 13 17 14 10 8 7 2 5 2 1 0 0 0 0 0 0 0 0 0 0 2 3 2 3 5 6 4 7 16 10 7 5 13 
348 84 87 81 66 50 35 29 21 24 18 29 30 31 37 29 37 37 44 34 37 30 67 44 47 55 60 56 61 45 49 44 55 57 73 98 125 147 161 201 341 175 166 148 134 99 72 59 49 54 45 46 37 29 26 21 19 19 26 17 15 19 16 29 16 23 26 27 31 40 36 23 49 37 32 41 31 44 37 30 25 24 18 17 23 16 19 19 12 17 18 24 15 12 12 13 11 13 4 8 7 8 9 4 8 7 2 7 3 4 6 8 7 7 7 13 7 11 12 10 10 10 15 12 22 8 9 7 6 3 3 0 0 0 0 0 0 0 0 0 0 0 0 1 0 1 2 1 2 4 3 5 4 4 8 3 3 1 2 1 0 0 3 2 2 7 6 9 9 8 12 5 3 1 3 1 0 0 0 0 0 0 0 0 0 0 0 1 2 4 3 6 11 7 6 11 8 5 9 16 
140 90 79 81 63 59 36 18 16 21 14 18 27 30 27 22 42 38 33 32 34 41 59 45 42 51 46 42 51 44 42 42 52 58 77 90 126 137 162 160 27 172 158 118 115 89 98 63 47 51 38 49 40 28 17 22 18 14 21 15 12 16 14 22 18 19 32 27 30 36 41 38 51 37 42 34 41 40 33 28 33 22 14 16 18 14 8 13 13 11 16 28 15 17 10 9 11 20 10 7 11 8 12 6 8 5 5 13 8 9 11 12 17 18 20 27 21 19 18 29 12 12 10 9 15 9 10 4 2 3 1 0 0 0 0 0 0 0 0 0 0 0 0 2 1 1 6 4 3 3 6 5 8 6 22 7 6 5 5 6 2 1 1 1 9 9 6 7 9 7 7 6 2 3 0 1 0 0 0 0 0 0 0 0 0 1 2 1 3 4 1 5 9 7 9 8 14 6 5 23 
317 65 90 67 50 45 21 20 18 19 14 21 25 33 27 31 39 38 42 39 39 39 42 53 47 60 64 51 55 36 46 37 29 44 41 68 92 133 118 85 53 145 115 107 85 70 56 41 41 40 37 32 23 26 21 12 9 13 16 8 12 19 8 19 9 13 13 18 25 24 36 29 42 24 22 27 27 35 18 22 20 17 15 14 14 8 8 13 9 9 12 19 17 10 8 10 6 9 7 7 5 3 10 6 5 5 4 7 5 3 7 6 4 12 9 16 9 10 9 13 9 8 5 10 12 5 3 3 3 2 0 0 0 0 0 0 0 0 0 0 1 0 2 2 1 1 7 3 2 1 3 4 3 2 9 3 3 2 4 4 3 3 5 11 7 21 12 10 8 7 8 10 2 3 2 0 0 0 0 2 0 0 0 0 1 1 1 1 3 6 3 9 14 2 10 13 12 4 11 34 
55 79 70 58 44 40 21 16 12 16 11 14 16 19 18 22 31 26 29 31 43 34 45 37 38 39 46 39 35 35 42 29 38 26 51 43 65 84 104 112 198 103 97 73 62 44 41 25 36 23 28 30 27 19 14 11 11 6 12 7 12 13 7 13 9 13 15 19 15 32 35 19 44 30 19 28 25 24 22 30 24 20 12 15 14 12 8 13 10 9 10 17 13 9 10 7 4 9 3 7 7 3 8 4 3 4 3 2 1 5 4 3 5 13 6 16 9 8 11 15 7 9 5 8 8 2 3 3 1 1 1 0 0 0 0 0 0 0 0 0 0 1 1 3 2 3 6 3 2 3 6 3 3 4 8 2 0 1 2 2 1 2 4 2 7 8 5 11 7 6 9 8 5 0 1 1 1 0 0 2 1 0 1 1 2 3 3 4 6 5 4 7 11 8 11 7 15 7 10 41 
262 37 59 45 40 22 15 12 9 13 16 16 21 20 22 22 38 21 22 28 42 35 46 36 25 26 37 35 26 18 31 27 27 15 40 28 46 64 68 81 155 70 60 65 39 30 28 30 30 25 19 28 18 13 21 16 12 13 9 10 4 9 5 8 9 10 16 15 15 28 25 29 36 23 22 24 14 20 20 24 22 9 9 10 7 3 5 7 15 10 6 16 14 8 10 6 10 8 3 5 3 1 7 2 1 1 0 4 1 2 6 6 9 12 13 13 7 10 8 9 7 7 6 6 4 3 2 2 1 0 0 0 0 0 0 0 0 0 0 0 1 1 4 4 3 3 9 5 5 6 5 2 1 2 4 2 2 3 3 1 0 1 1 5 5 7 5 9 7 6 6 7 2 1 2 2 1 0 1 4 1 1 0 1 2 1 4 3 3 9 3 8 13 12 17 15 31 22 24 51 
225 40 48 41 29 27 18 22 13 12 12 12 10 15 19 13 26 25 30 19 33 27 34 26 24 23 22 21 24 11 22 20 22 25 27 29 31 37 46 47 83 43 45 36 21 20 20 18 16 18 16 26 18 19 13 20 16 20 23 9 11 9 5 5 7 3 7 10 7 15 24 23 29 18 27 18 16 17 12 12 15 12 12 9 10 8 7 4 11 6 4 7 11 7 8 5 7 6 5 2 2 1 2 0 0 0 1 1 0 5 7 3 8 15 9 19 11 10 13 12 8 6 3 4 7 1 2 1 1 0 0 0 0 0 0 0 0 0 0 1 1 6 7 6 11 8 18 10 8 7 8 6 5 3 3 0 2 3 0 1 1 3 2 5 6 11 7 9 12 4 3 6 2 3 2 4 5 4 2 3 1 3 2 2 2 2 3 2 6 7 7 7 9 10 7 13 12 9 12 32 
37 46 40 36 27 21 10 15 7 9 7 4 6 5 12 11 24 19 15 14 20 17 25 22 15 14 18 17 12 15 18 25 26 26 35 26 33 33 51 53 67 39 42 34 23 28 15 19 21 14 14 24 16 18 13 15 18 11 18 8 5 4 6 3 5 10 15 12 24 37 38 15 26 33 31 37 21 29 16 12 19 11 10 17 12 9 14 16 13 13 7 11 15 10 11 5 7 7 7 3 2 1 0 0 3 0 1 2 5 7 5 9 8 20 12 22 13 12 13 8 6 9 3 6 3 2 6 2 0 0 0 1 0 0 0 0 0 0 0 0 2 2 3 2 6 4 7 5 4 2 2 3 3 1 2 1 2 0 0 0 1 2 1 3 0 10 4 13 9 4 6 6 4 4 2 3 1 3 2 7 2 2 1 3 3 3 9 4 9 21 9 15 29 20 11 16 20 15 28 60 
149 38 40 29 28 29 19 21 8 10 7 12 11 19 33 22 28 29 30 21 27 15 32 13 17 15 14 16 10 16 18 17 30 24 29 36 39 38 28 52 67 45 36 28 27 26 17 17 20 15 13 26 21 21 12 26 20 20 15 8 13 8 7 3 6 5 5 10 9 13 18 17 17 20 20 14 12 15 10 15 17 11 13 16 12 11 12 14 21 8 14 13 15 13 11 8 9 5 1 4 5 2 0 2 3 3 0 2 3 8 5 7 10 17 13 16 10 10 18 10 8 8 7 11 6 4 7 2 2 3 2 1 1 0 0 0 0 0 0 0 1 2 3 3 2 3 10 4 5 4 3 3 0 1 2 2 3 1 0 0 1 4 4 6 5 8 10 21 9 6 8 10 6 5 4 5 3 2 1 7 2 2 2 4 2 2 3 1 4 9 6 8 14 6 11 4 15 9 12 27 
136 35 39 30 25 16 9 11 4 5 4 6 8 8 12 12 13 13 7 15 20 14 21 20 15 17 18 19 22 25 18 27 33 32 42 36 50 56 45 54 23 50 52 40 42 29 29 30 20 25 22 20 25 22 20 26 25 22 19 10 9 5 9 5 6 4 9 13 9 15 19 11 17 16 18 15 9 10 11 13 11 15 16 22 20 15 16 18 23 14 18 15 22 13 15 9 16 8 5 2 2 1 3 2 4 3 4 6 7 6 8 10 8 8 5 10 5 7 10 10 4 3 5 7 3 4 6 4 5 3 1 4 2 1 1 1 0 0 0 0 0 1 1 1 5 5 9 5 6 3 2 2 0 1 2 2 5 2 2 1 1 1 0 0 5 5 8 15 6 9 7 19 12 4 8 6 5 4 7 5 3 2 3 2 1 3 1 4 2 11 5 7 14 14 11 7 9 11 9 24 
168 42 32 26 24 21 7 8 3 2 4 7 5 6 15 7 12 12 16 13 18 13 17 15 11 17 20 20 20 25 15 19 23 28 37 32 33 34 35 38 54 37 34 27 24 23 21 24 22 21 19 25 26 27 18 29 15 22 16 16 11 4 10 8 4 7 11 7 10 17 18 17 13 15 11 16 11 11 7 5 17 10 18 16 16 15 12 15 16 9 10 14 13 14 14 11 16 6 6 6 1 5 3 3 2 3 4 7 5 11 7 9 7 7 12 9 9 3 9 8 8 8 6 8 8 5 12 6 6 4 6 6 3 1 0 1 3 1 0 3 2 3 6 6 9 11 29 12 6 6 5 3 2 2 2 2 4 2 2 1 1 1 2 0 3 4 4 4 5 6 3 10 3 7 5 4 7 8 7 20 11 7 3 5 3 4 3 3 5 8 6 7 14 6 8 8 13 11 12 18 
158 30 34 33 34 20 13 5 3 5 3 3 6 3 14 5 9 14 8 8 13 6 12 9 9 9 16 21 16 19 10 17 30 17 33 24 31 21 42 35 55 36 36 34 33 29 21 25 16 18 11 24 25 20 20 21 27 31 21 9 15 8 10 10 7 7 9 12 10 17 17 13 16 12 12 12 9 8 8 8 13 14 15 24 13 18 16 35 29 27 16 25 24 19 28 18 16 15 10 11 10 9 6 5 14 5 12 10 13 26 17 16 13 20 15 20 10 6 11 10 10 5 9 17 8 9 11 4 4 4 3 6 4 3 1 4 5 1 1 1 0 0 2 2 6 2 12 3 3 3 4 0 3 1 3 1 6 3 2 1 1 2 0 2 2 1 2 8 5 6 4 3 2 5 2 5 1 4 2 7 0 2 3 2 1 1 2 3 4 5 6 5 12 8 8 8 10 9 8 21 
177 43 40 32 21 24 12 9 2 7 6 4 5 6 10 8 9 11 5 6 13 3 6 11 12 8 12 15 21 25 28 36 28 36 34 31 27 27 40 35 41 41 33 34 38 28 25 26 12 15 13 21 22 20 16 20 27 20 18 13 15 14 20 10 9 8 11 13 13 16 11 16 13 14 12 9 4 11 9 12 13 14 25 19 19 19 24 21 28 24 13 13 18 17 13 12 14 6 5 7 7 3 1 1 8 3 4 3 5 11 6 8 10 17 10 10 7 6 11 9 6 11 13 25 9 6 12 8 10 4 5 8 3 4 3 3 5 2 1 3 1 1 2 2 3 3 8 4 2 4 2 2 3 3 1 3 6 3 2 1 1 0 1 0 1 2 2 5 3 2 5 4 4 1 2 3 4 4 2 6 5 1 2 1 2 1 0 2 3 6 5 4 8 14 7 6 10 7 8 7 
165 34 34 25 23 18 3 6 4 1 2 1 3 6 9 3 7 5 4 5 9 7 7 9 9 12 13 16 20 31 21 33 29 28 35 32 28 36 37 49 25 35 45 39 44 43 38 36 35 27 33 31 29 20 20 16 16 13 14 8 4 5 10 3 5 5 7 7 5 15 14 12 10 15 5 8 8 11 14 12 14 21 26 20 21 25 18 22 20 15 15 14 14 20 14 12 13 10 12 4 2 5 3 3 11 3 5 4 8 10 9 9 5 13 15 11 8 9 6 4 5 8 7 19 9 13 26 11 14 12 3 10 8 3 6 5 9 4 1 2 1 0 2 0 3 1 6 2 2 1 3 1 3 2 1 2 3 2 4 3 1 1 1 1 2 2 1 4 1 3 2 6 2 3 2 3 1 2 1 3 2 2 2 0 0 0 0 2 5 11 5 5 13 21 5 10 6 14 10 20 
60 47 40 32 31 19 13 1 2 3 3 3 4 6 10 3 6 5 4 4 7 5 6 11 10 14 15 17 28 32 27 30 22 25 30 22 23 27 33 36 54 28 37 32 34 34 25 28 20 19 19 21 17 16 14 12 13 13 6 5 4 8 11 7 10 10 9 15 11 24 13 13 11 12 12 9 9 8 10 9 15 13 23 21 22 24 19 20 24 22 20 18 20 25 22 13 21 11 16 9 9 10 9 7 16 11 9 9 7 12 12 12 8 17 8 6 7 7 8 7 2 5 9 14 9 10 14 8 9 9 10 21 6 7 12 6 11 5 4 2 0 2 1 2 1 2 4 3 2 3 3 4 4 4 8 6 21 9 4 6 4 2 3 0 1 1 1 2 0 3 2 2 4 0 2 3 2 2 1 3 1 1 3 1 0 0 0 0 2 3 3 7 9 11 12 9 12 21 11 31 
173 29 39 28 28 22 14 6 5 5 5 4 5 9 18 5 9 6 3 6 12 4 12 12 12 15 21 16 25 32 25 23 22 31 42 27 27 29 35 30 53 41 38 33 37 23 39 46 31 17 26 25 17 14 7 11 10 11 7 5 10 7 12 7 3 9 13 17 18 18 17 19 22 24 27 17 15 10 12 14 16 13 17 32 15 28 13 12 17 12 17 15 12 17 17 7 6 9 14 6 7 3 4 6 6 5 5 6 5 11 6 13 11 14 8 7 11 9 7 10 8 11 11 22 5 11 11 10 6 4 7 6 5 2 5 6 8 5 1 4 3 0 0 2 2 2 2 2 0 1 0 1 2 1 4 3 7 3 4 2 3 1 0 0 0 0 0 2 1 2 3 1 4 3 2 2 1 1 2 5 1 2 0 0 0 0 0 1 0 1 1 3 5 13 8 5 10 13 6 14 
78 27 34 25 20 15 7 2 1 1 1 0 3 1 9 6 4 3 5 6 5 4 6 6 8 18 17 16 23 26 20 28 24 19 33 21 23 27 29 35 46 28 30 30 27 39 22 26 19 18 17 20 17 8 7 4 8 9 7 2 6 10 9 5 6 7 7 9 8 9 7 9 13 13 11 5 10 8 4 12 17 11 23 21 27 23 13 22 18 12 8 14 10 11 11 11 14 7 10 4 2 5 4 2 8 4 3 8 6 14 13 20 10 21 22 14 18 8 8 12 8 9 5 18 6 8 10 6 6 8 5 6 4 9 5 6 12 3 7 7 5 3 1 1 0 1 0 1 1 0 1 0 2 3 2 2 3 0 2 3 3 1 0 0 0 0 0 0 1 1 1 2 4 1 3 2 1 2 1 3 0 1 1 0 0 0 1 1 1 2 2 3 1 5 5 10 8 11 10 22 
54 41 35 28 24 17 12 5 0 1 1 4 2 5 4 3 5 6 5 5 11 6 12 11 11 14 20 21 32 22 17 17 20 26 26 17 25 25 31 28 51 34 34 29 32 34 15 31 20 14 11 10 15 10 5 8 7 6 5 9 4 6 6 5 12 6 5 9 8 14 6 7 11 13 14 11 9 9 11 5 14 11 17 22 20 19 16 15 14 17 13 23 13 15 18 11 16 13 19 9 6 6 4 6 6 3 5 6 9 8 6 14 10 16 14 11 14 3 5 5 6 4 6 10 4 5 7 7 0 5 5 5 4 3 3 4 10 2 3 0 1 0 0 0 0 0 2 0 0 0 0 2 1 1 2 2 7 2 0 2 2 1 1 0 0 0 0 0 2 3 2 2 4 2 2 2 2 1 1 1 0 0 0 0 0 0 4 1 1 3 2 2 2 6 6 8 6 13 10 16 
153 22 26 23 13 12 7 0 0 1 2 1 1 1 4 2 4 5 3 3 12 7 7 8 10 14 17 11 19 18 18 21 20 25 33 24 38 34 36 32 22 45 30 26 31 37 26 25 20 23 16 21 23 12 6 10 10 8 8 9 5 8 9 8 6 8 5 13 6 7 8 7 10 12 14 6 11 7 12 8 12 9 16 19 11 21 8 15 13 10 6 14 9 14 8 12 9 5 9 2 3 2 3 2 8 3 3 7 12 13 15 22 15 23 16 16 24 8 7 5 5 3 3 10 4 4 7 1 3 5 3 7 1 2 5 4 7 3 3 3 1 0 0 0 0 0 0 0 0 0 0 0 2 3 1 3 6 2 2 2 0 1 0 0 0 0 0 2 0 1 1 1 7 4 3 2 2 3 0 0 0 0 0 1 0 0 4 1 2 3 2 3 2 7 9 8 9 12 20 28 
121 25 25 18 17 8 2 0 0 0 1 2 3 3 8 4 6 9 7 8 22 12 12 17 21 23 20 14 16 13 20 18 18 17 30 24 35 31 51 39 68 40 32 29 30 34 40 23 21 18 10 10 11 7 6 10 9 4 4 10 7 9 6 8 6 7 8 6 4 6 8 4 8 8 8 5 10 8 9 14 15 11 16 20 13 15 7 7 11 8 7 13 10 13 8 8 12 9 12 3 4 3 3 1 2 2 1 2 5 5 7 13 11 17 15 7 11 7 0 4 3 2 1 6 1 2 4 3 1 1 2 2 2 3 3 2 7 1 4 2 2 1 2 0 0 0 0 0 0 0 0 0 1 0 1 2 4 1 1 2 1 0 0 0 0 1 1 3 2 3 2 9 22 6 8 2 3 4 1 2 0 1 0 2 1 2 6 1 2 1 4 1 4 7 6 8 6 6 10 21 
103 22 26 15 14 7 4 0 0 0 0 0 3 3 4 4 5 3 4 2 8 9 6 6 8 15 14 15 13 12 17 20 13 13 31 20 37 42 43 36 31 37 38 39 29 28 20 13 4 8 7 12 5 6 6 11 7 8 6 11 9 12 5 9 9 5 4 6 3 6 5 8 8 11 10 11 18 11 12 13 21 12 16 18 19 26 13 17 14 11 5 17 13 9 9 9 11 5 6 4 4 4 2 2 4 2 4 4 3 5 10 12 8 18 12 13 17 9 7 8 5 5 3 5 1 0 2 1 0 0 1 2 1 2 3 2 6 3 6 3 4 2 2 1 0 0 0 0 0 0 0 0 0 1 0 1 3 1 0 0 0 0 0 0 0 0 1 0 0 1 2 3 8 2 2 4 4 4 3 0 1 0 1 3 4 2 5 0 2 1 5 4 2 3 4 7 4 7 7 15 
96 19 14 12 12 7 3 1 1 0 2 2 1 4 4 2 6 4 3 3 10 5 9 5 3 5 10 8 9 9 15 14 13 21 25 25 37 38 38 41 73 32 37 27 21 25 14 10 14 8 7 8 10 9 6 11 10 14 9 12 14 17 16 11 24 15 8 15 8 7 8 7 5 11 11 11 19 9 12 10 15 13 14 11 8 11 8 12 9 6 9 13 11 11 7 11 9 6 6 4 3 2 3 4 1 1 1 1 1 4 6 6 6 10 9 5 10 3 4 3 2 1 1 1 0 0 0 2 0 0 0 2 0 2 2 2 7 2 5 2 2 1 1 2 1 0 0 0 0 0 0 0 0 0 0 0 0 0 0 0 0 0 0 0 0 0 0 1 2 3 3 3 6 3 4 5 0 5 3 0 3 0 2 4 4 3 4 2 1 3 4 2 2 5 3 5 5 8 7 9 
111 24 26 14 15 5 2 2 2 1 1 2 1 4 1 3 4 4 2 2 5 3 4 4 6 6 5 7 6 7 15 13 11 16 25 29 50 36 43 42 53 55 47 30 32 39 25 22 14 18 16 15 14 7 8 14 11 9 9 12 9 11 8 10 7 4 5 7 3 4 5 3 5 6 5 4 12 8 7 9 10 8 13 9 10 10 14 11 12 12 18 17 20 10 14 7 12 7 7 6 2 2 3 3 1 3 0 2 3 4 4 6 5 9 6 8 11 4 1 4 1 2 0 1 1 0 1 1 0 1 0 0 1 2 1 2 6 3 5 5 2 2 1 0 0 0 0 0 0 0 0 0 0 0 0 0 0 0 0 0 0 0 0 0 0 0 1 0 3 1 4 1 6 3 3 2 4 5 2 2 2 1 2 4 1 3 7 3 2 3 1 3 4 3 1 6 5 2 3 10 
129 23 31 18 16 5 4 4 1 2 2 4 1 4 2 3 2 6 8 3 3 4 3 5 3 8 7 7 8 4 7 9 15 21 32 24 65 37 43 54 21 52 45 42 31 27 20 8 10 8 7 5 10 11 10 11 11 10 8 25 12 14 12 10 12 7 8 8 5 6 3 5 4 6 3 5 10 5 9 8 11 10 11 8 11 9 7 4 10 14 6 15 15 9 13 10 21 8 12 9 5 3 4 9 1 2 2 3 2 3 2 5 3 9 4 3 5 5 2 2 3 1 1 0 1 1 1 3 1 0 0 1 1 1 1 1 4 3 8 3 1 1 2 1 0 0 0 0 0 0 0 0 0 0 0 0 0 0 0 0 2 0 0 0 0 0 0 0 1 3 1 1 3 4 1 3 4 6 0 4 5 5 4 6 7 6 20 8 9 7 10 8 12 7 8 16 8 9 10 18 
70 24 25 18 13 9 8 0 2 2 3 3 3 6 5 3 4 5 10 1 5 4 4 3 1 3 5 6 8 4 9 6 6 12 16 16 39 23 42 45 76 37 40 25 26 19 14 7 11 13 8 9 10 5 7 7 8 5 6 14 8 8 8 5 11 7 7 7 4 3 4 8 5 12 6 7 13 8 7 10 13 7 19 12 6 12 7 11 13 9 8 13 11 5 7 7 8 4 1 3 4 4 4 3 3 1 1 3 2 0 1 3 3 3 2 2 3 1 2 2 1 1 1 2 2 1 3 5 1 1 1 3 3 1 4 3 5 6 15 9 7 8 3 5 1 2 0 0 0 0 0 0 0 0 0 0 0 1 0 0 3 0 1 0 0 0 0 0 0 0 1 1 3 5 4 4 4 10 4 2 2 2 3 4 7 5 9 4 3 3 3 3 3 1 4 9 2 4 2 5 
43 22 26 21 15 16 9 1 9 3 2 4 3 8 4 2 6 10 9 3 4 3 4 3 1 2 3 1 4 4 5 4 5 13 22 23 40 36 51 43 30 44 38 39 32 28 17 15 15 5 7 8 5 7 5 9 7 7 8 13 10 10 13 5 9 7 8 9 7 10 7 7 10 20 11 6 8 5 7 4 8 5 13 4 5 9 13 9 11 22 11 19 12 11 12 11 10 7 9 6 2 4 4 7 3 5 3 3 2 1 0 0 0 2 1 2 3 1 2 1 1 1 1 0 3 2 2 3 2 2 1 2 2 2 1 3 5 3 7 3 2 2 4 1 1 0 0 0 0 0 0 0 0 0 0 0 0 1 1 1 1 1 1 1 1 0 0 0 0 1 0 2 6 4 5 7 6 24 10 5 6 7 6 5 6 4 10 3 3 5 2 1 3 2 1 7 1 3 4 3 
119 24 29 16 15 13 8 4 11 5 6 12 14 19 5 10 11 11 11 7 2 3 2 3 2 2 2 1 2 2 2 4 9 6 18 16 26 28 33 30 67 22 31 27 26 31 18 10 17 21 14 10 6 10 7 10 5 6 3 8 7 8 13 4 10 2 6 11 3 5 6 5 7 6 4 4 5 3 2 2 6 3 8 6 5 10 10 9 7 28 11 14 16 10 10 10 8 5 6 7 4 3 7 17 10 10 10 9 5 3 2 0 0 0 0 0 2 0 0 0 0 3 1 2 1 4 4 8 2 1 1 3 3 2 4 2 4 5 11 4 6 3 4 2 1 0 0 0 0 0 0 0 0 0 0 1 0 1 3 1 5 2 1 1 1 0 0 0 0 0 0 1 3 2 2 4 3 6 5 4 4 3 5 2 4 1 6 7 4 7 6 2 1 1 0 5 2 1 1 3 
103 19 18 13 12 10 11 6 10 8 5 10 7 13 9 10 8 12 12 6 5 5 1 3 2 4 6 1 3 3 4 4 7 5 12 14 24 20 29 24 59 22 32 17 19 14 13 9 15 8 7 5 6 3 6 9 6 3 4 7 6 7 13 10 12 10 11 26 11 8 8 6 2 5 6 2 3 6 5 1 2 1 3 3 2 4 4 5 8 11 6 11 8 7 3 4 1 1 3 4 3 4 4 9 3 4 8 3 3 3 1 1 0 0 0 0 2 0 1 0 1 4 2 3 3 4 4 11 4 7 2 3 1 2 5 2 7 6 12 4 4 6 2 2 0 0 0 0 0 0 0 0 0 0 2 4 4 4 5 2 7 2 1 0 2 1 1 0 0 0 0 1 2 1 1 3 3 7 2 3 3 2 3 5 9 5 9 4 5 9 5 3 1 2 1 5 1 2 2 2 
104 25 31 27 24 11 12 4 16 11 5 4 10 17 6 11 11 14 13 7 6 7 3 5 2 2 6 4 1 5 4 4 3 6 12 13 23 31 32 33 50 37 33 34 25 25 17 14 11 9 4 7 3 5 4 9 4 8 4 8 8 10 7 6 10 10 7 15 3 4 6 7 3 9 2 0 5 4 2 4 0 1 2 4 6 4 5 7 6 11 6 5 6 7 6 3 2 3 1 2 4 4 3 10 4 3 6 3 2 4 2 1 1 0 0 0 0 2 1 3 2 10 3 11 8 9 7 20 8 9 10 3 4 5 6 3 4 6 9 7 4 7 3 3 1 0 0 0 0 0 0 0 0 1 1 2 4 6 5 5 7 3 3 3 2 1 1 0 0 0 0 0 3 2 2 2 0 4 4 3 3 4 2 4 8 4 4 5 6 8 5 2 1 0 2 5 0 0 2 0 
99 25 22 24 21 16 6 10 18 8 9 8 13 19 18 19 19 26 29 12 15 9 7 6 6 4 7 5 4 3 3 4 6 6 6 15 14 17 25 21 42 22 27 18 14 16 9 5 8 8 4 4 6 6 4 7 8 12 5 11 12 8 16 9 8 8 12 14 8 5 4 5 3 6 2 2 4 3 0 3 1 4 6 6 6 5 8 5 6 7 6 8 6 4 2 1 6 5 5 4 4 4 5 3 6 5 6 6 2 4 1 1 1 0 0 0 1 2 5 4 2 12 4 5 6 2 4 12 6 5 4 4 3 1 1 4 4 5 11 4 3 3 3 3 1 0 0 0 0 0 0 0 0 1 2 2 2 4 6 4 8 6 4 4 3 0 0 0 0 0 0 0 3 1 3 1 2 3 2 2 6 5 4 5 11 5 9 5 4 6 1 2 1 4 1 4 1 1 0 0 
108 22 27 20 11 12 12 12 24 11 12 11 13 24 11 13 13 14 9 7 5 6 7 10 8 5 24 8 8 7 8 5 7 6 15 19 22 20 32 24 20 29 26 16 12 12 9 6 6 7 3 6 4 6 8 6 11 12 11 11 11 6 18 9 10 7 4 15 4 8 5 4 4 5 2 7 4 1 0 6 3 4 6 1 3 3 5 6 4 5 6 5 6 2 2 4 4 2 5 2 4 5 1 6 5 3 10 5 3 1 2 0 0 0 0 1 2 2 4 4 6 9 9 9 6 8 6 12 6 6 6 4 3 6 7 5 9 13 21 10 7 10 7 3 2 1 0 0 0 0 0 0 1 0 2 6 4 11 12 9 24 10 10 5 4 3 3 2 0 2 1 2 2 2 3 1 1 3 1 2 5 4 8 3 21 5 8 1 9 10 5 3 2 1 1 1 0 0 0 0 
106 19 24 14 21 9 10 4 16 9 10 9 19 28 17 20 12 20 11 9 7 4 6 4 5 4 7 6 4 4 6 7 8 5 11 14 18 16 22 22 39 14 18 11 11 7 6 5 4 4 3 5 3 3 8 6 10 12 13 9 11 18 33 18 14 18 16 22 15 9 7 2 6 7 5 5 2 2 2 3 3 3 4 5 2 1 6 5 3 6 3 2 2 3 1 3 5 6 6 4 9 6 8 8 7 9 23 10 6 5 5 4 2 2 0 1 2 3 3 6 3 15 5 7 9 8 9 9 5 3 2 5 3 3 1 3 4 6 6 6 6 8 2 1 2 3 0 1 0 0 0 0 1 1 3 3 4 3 11 4 12 5 4 1 4 1 0 1 1 0 2 1 7 1 2 4 2 1 1 2 1 2 4 4 9 8 5 8 11 18 6 7 9 5 4 0 1 0 0 0 
73 23 24 21 19 18 10 12 19 13 11 13 12 17 11 16 8 10 11 8 7 5 3 3 3 3 7 6 10 10 12 11 13 15 29 25 22 27 29 24 34 20 20 13 8 6 5 2 3 5 4 5 11 11 11 13 27 18 19 18 17 18 21 20 14 12 14 16 7 4 5 4 1 2 3 8 5 2 3 6 3 2 5 3 1 4 7 3 4 4 3 4 4 3 4 3 4 7 6 4 7 3 7 5 4 3 5 4 1 1 2 1 0 0 0 1 5 3 3 4 6 15 8 11 9 9 9 15 3 4 7 9 4 2 3 5 2 7 12 9 6 9 5 4 2 3 0 0 0 0 0 1 3 4 5 8 6 9 19 7 12 8 5 5 4 3 1 0 3 0 3 2 4 3 0 2 1 2 0 0 0 1 1 2 7 3 8 6 6 11 5 3 2 1 0 0 0 0 0 0 
70 24 14 17 11 13 9 9 12 9 7 8 7 17 11 14 6 7 9 5 2 3 4 1 1 3 6 3 4 2 6 6 14 15 19 26 26 22 21 26 39 17 21 14 8 7 1 0 2 2 1 3 4 7 6 5 14 18 10 14 10 10 20 15 10 10 11 12 6 3 2 3 1 1 4 5 6 2 6 10 7 6 11 6 8 6 10 5 7 10 5 7 5 7 7 4 5 4 5 3 6 7 7 4 4 5 4 4 2 3 1 1 1 1 2 6 9 8 7 12 17 20 16 16 13 11 6 10 9 4 4 5 0 3 2 4 7 5 9 5 8 11 5 5 3 3 0 1 0 0 0 0 0 1 3 1 2 6 8 4 8 4 2 2 4 0 0 0 2 3 1 3 7 2 2 3 1 0 1 1 2 1 1 2 6 5 6 8 12 10 7 2 1 2 1 0 0 0 0 0 
107 24 22 16 11 11 9 5 8 6 7 6 8 14 10 12 7 7 7 6 3 1 0 1 1 3 6 6 4 13 9 6 19 20 25 33 31 25 37 32 45 24 26 16 10 5 1 1 2 2 1 3 4 9 7 9 15 19 10 15 16 8 17 9 11 8 12 10 6 3 6 5 5 5 6 14 4 7 8 19 9 8 5 7 3 3 13 3 5 3 4 7 2 5 5 5 7 11 9 7 7 8 4 2 3 1 5 2 3 1 3 0 2 2 2 2 6 5 4 6 9 15 8 7 6 7 4 9 1 6 1 4 4 1 7 5 6 15 8 9 11 23 6 4 6 2 3 3 0 0 0 0 1 2 3 2 4 4 9 1 6 5 4 3 1 1 0 0 1 2 2 2 8 3 1 0 1 1 0 1 1 2 3 4 6 6 4 5 5 4 5 0 4 2 2 1 0 0 0 0 
125 21 18 17 17 11 7 5 8 4 9 10 10 14 16 26 10 8 7 8 5 3 0 2 2 3 6 5 5 7 6 4 7 11 17 19 24 26 31 32 30 15 18 14 6 5 2 1 0 4 2 4 10 9 10 3 13 19 16 9 9 13 19 14 9 14 18 15 5 4 9 6 3 6 3 9 5 6 6 10 4 4 4 6 3 3 3 4 5 8 4 8 10 9 10 13 13 23 18 12 9 11 4 8 2 2 6 2 3 2 1 2 0 1 1 0 8 6 7 6 8 14 6 9 5 8 3 7 5 5 3 4 1 4 5 8 3 6 7 6 7 9 5 2 2 3 1 1 0 0 0 0 1 2 1 1 1 5 5 1 6 2 3 2 2 1 1 4 6 5 6 4 20 6 5 2 4 3 4 2 0 1 3 2 5 5 4 7 8 6 6 4 3 2 1 0 0 0 0 0 
81 12 13 10 11 7 5 2 9 4 4 6 8 9 5 19 9 7 4 2 2 1 1 3 1 6 5 4 7 13 13 10 17 18 19 25 37 29 25 22 38 23 24 15 12 10 4 3 1 6 4 2 6 4 10 6 18 10 10 10 14 10 16 13 8 11 16 9 8 6 12 8 7 9 8 25 6 10 7 11 8 8 5 3 7 3 5 3 8 3 4 9 8 8 5 7 9 12 8 3 4 4 5 4 1 0 4 1 1 1 1 1 2 2 2 3 8 5 6 5 5 11 2 6 7 5 6 6 5 2 4 7 4 4 2 5 7 8 5 5 5 11 3 3 2 1 1 0 0 0 0 0 0 1 1 2 4 2 8 4 5 3 3 1 0 0 0 2 2 2 3 4 8 4 4 2 2 2 0 0 0 1 2 0 3 1 5 4 6 3 4 2 3 2 0 0 0 0 0 0 
49 15 16 11 13 8 8 4 5 4 8 6 7 11 6 12 6 6 7 2 4 1 0 0 1 2 4 2 5 7 8 8 8 7 15 25 19 23 30 32 22 22 26 12 9 9 6 3 5 8 3 4 7 3 7 8 17 13 15 14 17 13 23 35 21 18 21 18 14 12 18 10 7 3 3 9 5 3 2 7 2 6 4 6 2 4 6 2 7 4 5 9 7 6 7 3 7 7 5 3 2 3 0 1 0 1 1 1 0 0 1 1 1 1 4 1 9 5 5 7 3 10 2 5 3 5 4 4 4 5 5 10 7 5 6 6 12 20 10 8 8 9 2 6 2 3 1 1 0 0 1 0 0 0 0 1 1 2 3 4 6 2 0 0 3 1 1 1 3 3 4 4 6 5 3 2 0 1 1 0 0 1 4 3 8 4 5 5 16 9 9 6 2 3 3 0 0 0 0 0 
81 11 11 11 11 2 4 2 3 3 6 9 7 14 12 25 8 10 6 5 9 4 2 2 1 2 3 4 3 11 4 6 10 10 11 22 29 18 31 31 34 24 21 22 17 15 14 5 4 8 9 7 9 11 12 10 29 21 13 14 16 11 14 18 8 10 12 15 8 10 9 4 7 2 4 8 5 7 5 7 5 7 2 3 5 3 8 3 9 12 8 19 13 11 11 8 9 9 11 4 4 1 2 1 0 0 2 0 0 0 1 2 0 3 1 3 7 6 4 3 12 11 4 4 3 3 2 3 2 5 5 9 3 3 5 3 3 11 4 6 3 5 5 2 2 1 2 2 0 0 3 0 1 1 1 1 2 2 5 3 6 2 2 0 5 2 2 1 1 1 3 0 9 3 2 2 1 1 1 0 0 0 1 1 2 2 5 6 10 7 4 1 1 2 1 0 0 0 0 0 
78 16 17 13 7 5 5 3 5 3 6 3 8 4 6 7 5 5 5 3 3 1 1 1 1 0 2 1 2 8 5 3 10 6 13 12 16 12 22 17 32 17 18 21 13 5 12 5 9 22 7 4 8 9 6 6 9 10 7 8 8 8 5 12 5 7 11 15 11 10 12 7 6 5 3 8 6 6 6 6 4 4 3 4 5 3 6 4 8 5 6 15 3 5 7 4 5 9 4 4 4 3 2 0 0 0 0 0 0 2 4 3 3 4 6 9 21 11 12 7 7 6 3 5 5 4 4 6 6 4 7 21 9 8 9 5 6 11 5 5 2 6 3 2 2 2 2 3 2 3 3 3 1 1 1 2 0 2 4 2 8 4 2 2 5 3 3 1 1 3 3 1 6 2 0 2 2 1 0 0 0 0 0 1 2 4 3 10 9 6 4 3 5 2 0 0 0 0 0 0 
67 14 11 8 9 3 4 4 3 3 7 6 5 7 5 11 5 6 7 4 8 1 2 0 2 2 1 3 1 7 3 7 3 4 5 11 15 17 22 20 25 21 23 16 15 15 12 7 5 7 4 7 3 6 5 5 9 10 7 8 5 3 4 7 6 9 13 14 11 11 24 15 12 7 6 6 4 3 5 5 4 8 5 5 5 4 6 3 9 3 6 10 7 7 7 6 4 4 6 3 4 1 3 0 0 0 0 0 0 0 1 2 3 3 5 7 10 11 4 4 10 3 3 1 2 3 4 3 3 3 2 6 5 2 3 4 3 5 4 4 1 2 3 2 2 2 2 6 4 5 5 4 1 2 2 0 3 1 5 4 9 6 5 3 5 3 0 2 2 1 2 1 5 0 2 2 0 0 0 0 0 0 1 2 6 5 5 7 9 5 6 3 4 4 1 0 0 0 0 0 
74 14 14 11 7 4 2 4 3 4 5 3 3 7 3 12 5 4 6 5 8 2 2 1 1 1 1 4 3 7 5 3 9 3 4 4 12 9 11 11 20 15 16 17 12 8 7 6 7 6 6 3 5 7 7 8 8 7 4 8 7 5 8 11 9 10 16 19 14 17 14 8 10 4 2 7 2 3 3 5 1 10 2 6 3 3 4 3 6 7 8 8 7 4 6 3 5 6 5 4 3 0 2 0 0 0 0 0 0 0 1 2 2 3 5 6 8 10 8 6 11 3 3 2 3 2 3 5 6 4 3 5 3 3 6 3 1 3 2 3 2 5 1 1 3 0 3 7 5 6 6 2 3 2 2 5 5 6 8 12 22 12 12 5 10 5 3 3 3 3 1 0 2 1 0 0 0 0 0 0 0 0 2 2 7 5 4 8 7 7 6 6 1 1 1 0 0 0 0 0 
117 9 17 19 14 12 8 8 11 7 20 10 5 3 6 11 4 5 3 2 5 2 2 3 2 1 2 7 2 3 4 3 9 5 3 4 9 12 7 15 21 19 14 11 11 5 9 7 9 9 2 7 5 6 5 6 11 8 7 9 8 5 6 7 6 6 12 10 9 2 9 5 5 2 3 6 4 5 6 8 7 23 7 6 7 7 4 4 7 3 9 8 3 8 9 3 4 4 2 0 1 1 3 2 0 1 0 0 0 0 0 2 1 1 3 6 13 10 4 5 9 7 5 3 5 10 3 3 1 5 3 5 3 3 5 4 2 6 1 1 1 0 0 1 2 6 4 9 2 8 7 3 5 1 2 3 1 5 6 7 15 6 4 7 6 6 5 2 2 0 1 0 2 3 1 0 0 0 0 0 0 0 0 0 4 7 7 8 9 9 1 6 3 1 2 1 0 0 0 0 
79 13 16 7 9 6 4 2 7 4 9 5 6 6 1 7 4 4 3 3 6 4 1 2 3 3 4 7 7 7 8 9 16 8 9 4 3 7 11 10 22 15 11 11 8 8 15 7 5 9 3 4 4 3 3 4 6 8 5 10 6 6 5 6 4 5 6 10 4 3 6 6 3 3 1 2 1 4 3 3 1 6 6 4 6 7 4 9 16 9 7 12 6 6 10 7 3 3 2 3 4 0 6 1 2 1 1 0 0 0 0 1 2 7 5 6 11 13 10 16 21 10 9 7 9 12 5 4 3 3 4 3 3 2 2 4 0 1 0 1 1 1 2 3 1 6 4 8 7 4 10 3 5 4 3 2 5 5 5 6 17 7 11 5 12 3 2 1 3 2 2 2 2 4 0 2 1 1 0 0 0 0 1 3 4 7 6 9 9 10 6 4 2 3 2 1 0 0 0 0 
52 21 15 14 11 7 8 6 7 3 10 5 6 7 5 5 7 4 7 7 17 5 7 6 5 5 4 8 6 5 5 5 9 3 3 5 6 8 8 9 22 29 15 16 17 11 24 11 10 10 6 5 4 4 5 4 3 5 9 8 5 5 0 6 5 4 7 4 4 1 5 2 1 3 1 2 1 2 3 5 2 6 3 3 2 3 3 5 11 4 5 11 6 8 16 8 4 8 5 5 3 4 6 2 2 2 0 2 1 0 0 0 2 3 5 4 9 9 8 8 5 4 6 9 5 10 4 10 5 0 1 7 3 1 4 1 1 2 0 0 0 1 5 4 7 10 15 21 17 12 18 12 13 6 4 5 6 2 7 11 14 12 8 10 16 11 7 6 3 5 1 2 3 7 3 2 3 1 1 0 2 2 2 7 10 12 13 27 14 18 15 8 8 7 7 3 0 0 0 0 
73 11 8 7 10 8 6 11 10 7 14 6 5 6 4 6 3 4 2 3 8 6 5 5 2 4 6 7 4 2 4 4 11 4 3 5 3 5 9 8 19 10 15 10 4 8 10 4 3 9 3 3 4 3 8 8 12 10 16 17 11 8 2 7 6 4 3 3 4 3 4 5 2 3 0 3 0 7 3 7 3 8 5 3 4 4 4 1 8 3 4 3 3 3 9 2 5 1 3 3 1 4 7 3 4 3 1 1 1 0 1 1 3 1 8 9 11 21 10 13 12 6 5 11 6 13 5 11 6 5 3 3 2 3 4 3 1 3 1 1 0 1 4 2 2 9 9 12 9 7 6 3 4 3 4 7 8 10 8 9 24 15 11 8 15 8 4 5 1 2 2 1 1 5 2 1 2 1 1 1 0 0 0 1 3 4 6 11 7 7 5 4 2 4 0 0 0 0 0 0 
64 19 16 16 9 12 9 9 10 6 11 9 8 10 6 4 2 3 3 4 9 3 2 4 4 6 4 7 7 9 8 6 7 5 3 3 4 5 9 4 11 8 10 6 10 6 9 6 7 9 4 3 3 3 3 2 5 5 8 11 2 4 3 4 1 2 2 3 2 3 2 2 3 4 5 1 6 6 2 9 3 7 4 3 2 4 4 3 6 4 6 3 6 1 7 3 3 1 4 4 4 5 4 3 4 2 1 1 1 0 0 2 3 5 5 4 7 7 8 8 12 6 11 7 12 19 10 12 8 4 6 7 4 3 5 2 1 1 2 1 1 1 4 5 4 5 8 10 5 9 8 5 4 3 1 2 4 6 3 7 17 9 6 7 10 3 3 3 2 3 1 3 2 7 3 2 4 2 1 1 0 0 0 3 5 4 5 7 3 6 6 6 4 3 2 1 0 0 0 0 
61 10 9 15 16 11 12 13 20 14 16 12 7 10 9 8 6 6 4 3 3 3 3 3 4 7 8 12 10 7 5 3 6 3 4 5 1 5 9 11 15 11 5 5 5 7 8 6 7 14 6 2 4 2 3 7 5 6 12 6 6 2 2 2 0 2 0 5 1 3 5 5 5 4 6 5 6 8 5 4 6 6 2 3 4 2 1 2 3 4 6 1 4 3 4 2 3 4 5 6 5 7 21 6 12 7 5 3 1 1 1 3 5 2 8 7 7 13 3 6 10 8 7 7 6 10 7 19 8 9 11 8 9 5 10 2 3 2 2 0 1 1 2 5 3 7 1 9 5 4 11 3 3 2 3 3 1 3 3 4 12 8 5 4 9 3 5 2 5 1 4 2 4 6 1 0 3 1 0 0 0 1 2 3 1 2 4 8 5 8 3 5 3 1 2 0 0 0 0 0 
62 10 10 12 11 11 10 12 14 10 16 10 7 11 11 8 7 5 5 2 6 4 6 7 5 8 14 22 13 8 9 4 9 5 6 6 6 9 12 10 26 12 11 11 10 11 12 10 11 21 9 10 7 9 8 6 7 10 22 11 7 8 2 5 3 1 1 4 1 2 3 7 3 7 5 4 8 10 9 10 5 6 2 3 2 1 1 1 5 2 2 3 1 1 2 2 3 3 2 2 5 4 9 4 7 2 4 3 2 1 1 3 4 5 5 9 9 14 7 5 7 10 2 4 6 9 5 8 9 5 5 6 1 4 9 4 2 5 4 2 2 3 4 6 5 7 6 5 3 3 9 2 2 1 1 4 3 3 5 5 14 10 5 5 7 4 2 5 5 6 5 7 7 20 8 6 8 3 4 1 1 0 0 1 1 1 2 3 4 6 2 3 3 0 1 0 0 0 0 0 
58 8 11 11 13 11 17 11 17 8 19 8 8 14 7 6 2 7 5 5 5 6 4 2 2 4 4 13 9 5 4 6 7 2 4 7 3 6 5 8 22 7 13 5 3 5 4 5 6 9 4 0 3 4 4 4 1 5 8 6 3 5 1 2 1 1 0 2 1 3 1 10 5 5 7 10 13 13 12 7 5 8 5 2 1 0 1 1 2 1 3 1 2 2 4 1 1 3 2 0 7 3 8 6 6 4 1 2 2 2 4 2 7 9 12 11 15 17 7 5 5 4 3 3 4 7 4 9 8 10 6 10 8 12 20 7 6 9 5 5 1 4 3 3 4 6 4 7 3 3 5 3 1 0 0 1 0 4 4 4 8 11 5 5 4 3 2 4 1 0 2 2 2 10 3 3 4 3 3 2 0 0 0 0 1 0 3 3 1 3 2 1 1 1 0 0 0 0 0 0 
51 10 11 10 10 11 14 17 15 18 24 10 15 21 21 11 6 9 9 5 6 4 6 4 8 8 8 17 21 5 7 5 7 8 5 8 8 7 14 11 28 11 8 9 1 6 6 5 2 6 3 4 3 3 4 1 3 5 8 7 2 0 1 2 1 0 1 0 2 2 4 10 3 8 14 13 19 24 17 15 7 5 11 4 2 0 0 0 2 0 0 0 4 0 4 1 1 1 1 4 4 2 7 4 9 4 5 3 2 3 3 8 8 6 20 16 22 12 13 8 8 5 3 1 2 8 4 4 5 6 9 6 5 1 10 7 7 5 5 2 5 5 4 7 8 19 10 9 6 7 6 4 2 0 0 2 3 2 7 5 11 21 10 7 7 2 2 4 3 1 0 1 2 7 5 4 7 2 1 2 0 0 0 0 1 1 0 3 0 4 1 0 1 0 0 0 0 0 0 0 
62 15 12 15 17 11 19 28 32 18 29 26 20 27 20 13 15 8 7 4 4 5 2 3 4 7 4 8 13 6 5 6 4 5 5 14 13 9 16 15 16 15 14 10 10 5 4 7 2 7 1 3 2 3 3 2 2 2 3 8 0 1 2 2 0 3 5 5 3 6 7 23 11 17 11 23 22 21 16 20 15 8 7 1 0 3 0 1 2 1 3 1 5 2 4 3 2 0 2 5 3 5 5 3 13 8 7 0 3 5 6 5 5 9 14 14 15 13 8 7 4 1 2 2 3 7 1 4 3 4 7 3 5 8 14 12 10 4 3 0 1 1 3 2 4 6 3 2 0 2 3 1 0 0 0 1 1 2 5 6 5 7 6 6 6 1 2 0 1 1 3 0 5 8 7 4 7 2 2 2 1 2 1 0 1 1 1 2 0 1 1 0 0 0 0 0 0 0 0 0 
96 19 17 13 15 19 17 18 17 18 23 14 11 10 12 6 7 5 2 1 4 8 0 6 5 8 3 9 7 4 6 4 5 4 6 11 12 8 11 6 23 12 8 7 8 9 5 5 3 8 3 3 0 2 1 3 2 1 3 3 1 1 2 1 3 2 2 3 3 0 6 8 5 6 6 10 15 13 10 13 6 5 5 2 2 1 0 2 0 2 2 1 3 4 1 1 2 4 1 3 8 8 11 15 22 8 10 3 5 7 5 6 11 12 18 12 14 11 8 5 3 1 1 1 3 4 2 2 3 3 5 3 5 7 15 7 9 3 6 4 2 2 3 3 4 6 3 3 2 2 2 0 0 0 0 1 1 3 4 7 6 11 4 4 6 3 2 1 1 0 1 2 4 6 6 6 7 3 5 2 1 1 1 1 1 1 1 3 1 1 1 0 0 1 0 0 0 0 0 0 
64 15 18 10 10 12 18 19 20 10 16 11 10 14 8 9 4 5 4 4 2 7 3 5 6 5 9 10 13 7 9 7 9 8 9 23 12 13 19 13 33 14 14 15 10 7 3 4 2 5 3 3 3 0 1 0 1 0 6 1 1 1 3 2 4 4 4 3 5 3 3 10 7 9 6 9 8 6 4 9 4 6 4 3 1 1 1 2 0 3 2 3 7 3 4 1 2 1 3 3 5 4 8 8 16 4 6 5 3 8 7 9 14 10 32 18 16 9 11 12 5 1 1 0 1 0 0 1 3 5 7 7 10 11 26 14 10 3 9 6 3 2 3 1 2 7 2 1 1 1 2 0 0 0 0 2 2 5 3 5 4 12 3 3 5 3 3 1 0 1 2 2 3 6 4 2 7 5 1 4 3 2 4 2 2 1 2 3 2 2 2 2 2 1 0 0 0 0 0 0 
91 20 13 26 17 20 20 21 29 15 14 9 12 13 9 3 4 5 2 3 6 6 3 4 3 4 3 5 8 3 4 4 3 5 7 15 12 21 14 15 33 15 12 12 9 7 3 5 1 4 4 1 2 0 0 1 0 1 4 1 2 2 3 1 4 6 3 3 2 2 4 3 3 3 6 5 8 6 7 7 4 6 3 0 2 0 1 2 1 3 4 2 9 5 4 3 4 1 2 1 6 4 8 5 7 6 6 4 6 14 9 13 19 22 22 29 17 15 11 11 5 2 1 0 0 1 0 2 1 2 2 6 9 7 12 10 5 3 4 3 2 1 0 2 2 3 3 2 1 1 1 0 0 0 0 0 3 2 3 4 3 8 7 4 3 2 1 0 0 1 2 7 3 6 10 9 15 6 6 8 8 2 6 2 4 2 6 6 3 4 2 6 6 0 0 1 0 0 0 0 
84 18 18 18 15 15 22 14 13 8 11 10 6 6 7 5 5 8 7 8 10 20 9 7 8 10 7 7 10 3 2 6 4 6 12 18 15 27 24 29 30 26 25 21 13 12 7 11 4 7 4 0 2 1 0 0 0 0 0 1 2 3 3 3 6 6 5 6 4 1 1 4 1 5 3 1 9 3 4 8 5 2 2 2 0 2 5 5 6 7 7 5 14 8 5 7 4 3 5 5 7 3 7 7 12 5 10 4 5 4 5 8 6 11 20 9 14 5 6 5 5 0 0 0 0 2 1 2 5 2 1 8 5 2 15 6 6 3 3 1 1 1 2 1 1 3 0 2 2 1 0 0 0 0 0 0 1 4 2 3 1 15 1 5 3 3 1 1 0 0 0 2 1 1 3 2 6 5 3 3 2 3 3 2 3 5 6 8 4 5 10 4 3 1 1 3 1 0 0 0 
96 21 18 17 14 10 13 13 10 8 3 6 5 10 5 4 5 5 3 4 5 8 5 4 4 9 12 2 13 3 4 8 3 4 8 11 8 20 19 13 23 11 12 13 14 10 10 10 2 1 2 3 1 0 0 0 0 0 0 1 1 3 4 4 9 8 5 1 4 4 2 3 1 2 1 3 4 0 2 3 1 0 2 2 1 1 7 1 1 4 4 2 6 6 5 1 5 3 2 5 6 4 7 5 7 3 13 4 7 6 4 3 6 4 14 9 8 6 5 4 2 1 0 1 0 1 3 2 7 7 6 4 8 8 11 23 10 8 7 7 4 1 1 1 1 2 0 2 2 0 0 0 0 0 1 2 3 2 8 5 4 23 8 5 7 5 2 3 0 0 1 1 2 1 2 3 5 2 4 2 3 3 5 3 7 3 7 11 8 11 11 4 4 6 2 1 0 0 0 0 
49 30 21 23 17 13 12 7 11 7 7 4 4 2 5 1 2 4 3 4 6 8 7 6 7 6 10 6 10 4 4 8 4 6 6 13 14 15 16 14 31 18 14 15 12 11 12 20 7 5 6 6 1 4 2 0 0 0 1 1 2 3 6 4 8 9 5 4 6 3 4 4 1 1 0 1 2 0 1 3 1 0 2 1 1 2 3 2 4 3 3 4 3 3 4 3 2 3 2 4 10 9 9 10 14 9 17 6 8 9 7 7 8 7 12 9 7 4 6 4 2 0 1 2 1 1 4 2 5 3 4 4 5 7 8 10 4 4 2 2 0 0 0 0 0 2 2 3 1 1 1 0 0 0 0 1 1 2 0 3 4 12 0 3 3 1 0 0 0 0 1 1 1 2 1 2 7 3 2 3 4 6 9 12 13 13 12 24 14 12 16 9 10 5 2 2 1 1 0 0 
121 29 20 17 16 10 7 6 7 1 5 3 3 0 5 3 4 9 5 6 4 12 7 11 10 7 25 12 10 11 11 9 10 6 12 13 15 15 19 17 28 12 19 8 8 12 7 13 5 4 3 1 2 1 0 0 0 0 1 3 8 8 8 6 18 18 10 8 7 3 4 3 2 0 0 0 1 0 0 1 0 1 3 2 2 3 3 1 5 1 3 1 5 3 5 4 6 7 5 8 19 9 10 8 7 4 6 5 4 2 4 5 4 4 8 3 8 7 3 3 0 0 0 1 2 3 5 5 9 8 6 7 5 4 8 10 2 4 3 1 1 1 1 2 1 2 1 1 2 1 3 1 1 0 0 0 1 2 4 2 4 7 4 4 3 3 1 1 0 0 0 0 1 2 1 2 6 3 2 2 3 3 13 8 5 6 8 18 15 14 18 12 11 8 9 5 4 2 1 0 
105 22 15 15 11 9 8 0 5 4 3 6 2 3 5 5 2 12 4 6 6 5 2 7 8 9 14 7 20 6 9 9 8 14 17 23 17 29 27 18 24 25 18 19 11 9 10 15 8 5 3 4 2 1 0 0 0 0 2 4 4 10 7 7 27 17 10 9 8 4 4 3 0 0 0 0 0 0 0 0 0 0 1 2 4 3 4 3 5 5 4 3 4 0 3 5 2 3 1 5 10 6 6 4 6 3 12 2 1 0 1 3 2 3 5 4 1 2 2 1 0 0 0 2 1 4 7 3 7 10 7 6 9 10 10 9 4 6 0 2 2 1 0 0 2 3 1 6 2 1 0 0 2 0 0 0 1 1 4 2 4 8 4 4 2 1 2 1 0 0 0 0 0 2 2 2 8 3 5 5 7 9 19 12 8 10 10 18 11 7 14 6 13 4 2 4 2 1 1 0 
86 28 25 24 16 14 8 3 4 3 2 8 2 3 2 4 5 7 4 5 5 8 6 5 8 9 13 11 17 7 7 7 7 11 13 15 15 16 19 14 26 12 20 11 9 6 8 12 6 4 5 4 3 1 0 0 0 0 0 3 3 3 3 6 14 10 3 4 3 4 1 1 0 0 1 0 0 0 0 0 0 1 1 4 7 4 7 3 4 4 4 2 5 1 1 2 2 4 3 3 6 1 4 2 3 5 7 3 4 2 3 2 2 1 4 4 1 2 1 0 0 2 3 4 8 6 12 8 16 12 9 10 11 12 11 7 5 6 4 2 2 1 2 0 2 1 3 9 1 0 1 0 0 0 0 0 0 2 3 3 3 10 2 4 4 3 1 0 0 0 0 0 0 1 1 0 3 1 2 4 2 5 9 4 8 5 8 17 8 10 7 5 12 6 4 2 4 2 1 0 
72 19 13 11 3 7 8 2 3 3 1 8 6 9 4 13 9 24 13 6 8 10 7 9 7 7 15 8 21 13 16 17 20 13 17 25 22 23 19 22 21 17 13 14 15 9 12 29 7 8 6 3 6 2 1 0 0 0 0 2 2 3 5 4 7 6 6 4 2 1 1 2 0 0 3 0 1 1 0 1 0 4 3 3 9 8 18 11 3 6 9 5 4 2 1 1 3 0 2 3 7 3 3 1 2 1 5 1 1 2 2 1 0 0 0 1 0 0 0 0 0 0 1 0 4 4 2 6 10 11 7 2 7 9 8 12 6 8 5 2 3 2 1 1 1 2 2 7 3 2 1 1 2 0 0 1 1 3 1 4 0 6 5 4 1 3 1 0 0 0 0 0 0 0 0 0 2 1 1 2 4 5 14 6 10 11 15 29 9 16 25 11 21 12 11 5 3 4 2 1 
61 19 12 15 11 5 5 3 2 2 2 4 5 3 2 5 6 10 6 6 2 6 5 7 9 6 15 12 28 14 15 7 11 13 16 21 14 18 15 21 16 12 25 17 10 11 4 18 7 3 5 1 3 1 0 0 0 0 1 2 3 3 4 4 6 4 3 4 1 3 2 0 1 2 4 1 1 0 0 0 0 4 3 4 5 4 4 7 2 4 6 1 5 2 2 2 2 1 1 2 3 2 4 1 2 2 2 2 4 1 2 1 0 0 0 0 0 0 0 0 0 0 0 3 5 3 7 9 13 19 14 6 6 8 8 8 7 9 7 3 1 6 7 2 8 7 9 18 6 5 5 2 2 1 1 2 2 1 2 4 2 7 5 1 3 1 1 1 0 0 0 0 0 0 0 0 0 2 1 3 5 4 3 6 8 4 8 16 6 11 10 9 13 2 3 5 2 1 1 0 
66 9 7 8 3 3 1 3 3 4 5 5 2 6 7 6 6 9 3 5 3 2 1 4 7 3 8 7 16 9 11 6 11 14 12 16 14 13 21 12 14 8 13 7 7 4 8 14 4 7 3 3 7 1 1 1 0 0 0 1 0 4 3 4 8 3 2 2 2 2 1 3 1 2 2 2 2 1 1 1 1 0 4 6 2 6 10 7 5 7 6 3 8 3 4 1 1 2 1 0 2 0 0 3 2 1 4 0 4 1 1 2 1 0 0 0 0 0 0 0 0 0 1 0 1 3 6 4 8 9 7 8 2 6 7 12 5 4 5 3 4 5 3 3 3 3 5 9 5 3 3 2 2 0 1 1 1 1 4 3 3 7 3 2 1 2 0 1 0 0 0 0 0 0 0 0 1 1 4 3 4 7 2 3 7 4 7 8 3 7 6 7 6 8 4 3 5 2 1 0 
33 10 9 4 4 3 2 4 5 8 6 25 8 7 7 6 7 18 5 5 2 2 3 6 5 1 7 6 11 10 7 8 11 18 20 25 12 22 26 21 13 12 13 13 6 4 5 13 4 4 4 1 8 4 2 0 1 0 1 2 1 4 3 4 2 2 1 3 2 2 2 0 2 0 8 3 3 1 0 2 3 3 5 3 6 6 13 5 6 7 9 7 2 4 4 2 3 0 1 1 3 0 1 1 1 3 3 2 1 1 0 2 1 1 0 0 0 0 0 0 0 0 0 1 2 4 4 5 5 11 7 6 8 9 11 16 13 20 8 4 7 6 2 2 2 4 2 5 4 4 6 3 4 3 1 4 3 1 4 3 7 21 4 7 2 4 2 2 1 0 0 0 1 0 0 0 1 2 3 3 2 8 6 5 5 5 2 10 5 3 7 7 7 4 3 1 3 3 2 0 
39 8 4 6 3 2 1 2 2 3 5 13 5 11 9 12 11 16 7 6 9 5 6 2 4 2 6 1 10 2 4 5 6 7 15 10 10 12 17 14 13 6 12 5 6 8 3 11 3 7 5 4 8 2 2 5 4 2 0 1 2 3 2 4 5 3 1 1 0 1 1 2 0 3 5 1 4 3 1 3 3 3 5 4 14 7 8 9 8 10 15 7 7 8 5 5 2 1 0 0 1 0 1 2 3 4 3 3 6 2 4 2 0 2 1 0 0 0 0 0 0 0 0 0 2 5 3 2 5 8 5 5 7 6 11 19 8 26 9 10 7 8 5 3 3 3 4 5 4 4 4 3 7 2 4 4 2 1 4 2 2 8 3 1 1 2 0 0 0 1 1 1 2 1 0 0 0 1 1 5 3 5 2 4 6 4 2 8 5 5 5 6 4 6 3 2 1 1 1 1 
32 5 6 7 3 4 1 1 2 3 3 6 2 9 5 3 5 15 4 6 5 3 1 2 2 5 3 0 7 3 5 5 8 6 10 12 11 14 17 20 8 7 8 7 6 5 6 13 6 6 6 7 9 3 6 3 4 3 2 4 0 4 4 2 5 2 1 1 1 1 2 1 3 2 5 3 2 3 2 5 4 7 5 5 22 6 16 14 10 9 14 7 8 7 3 1 1 0 1 0 0 0 2 2 1 4 3 3 6 3 1 1 2 1 1 0 0 0 0 0 0 0 0 0 0 2 2 1 2 3 3 3 4 5 7 9 8 9 6 4 3 5 2 5 3 1 1 6 5 5 4 2 7 2 3 3 3 4 3 1 3 6 3 3 1 3 1 1 1 2 1 0 3 0 0 2 2 0 3 4 2 6 4 2 5 0 3 4 2 3 4 6 5 8 4 5 3 2 1 0 
21 6 5 4 6 4 3 3 1 1 4 7 4 4 8 6 7 8 6 8 5 4 2 3 1 5 2 0 5 4 3 3 5 5 13 13 15 12 16 23 24 16 15 12 8 5 3 10 6 8 6 5 12 9 3 7 8 7 2 4 3 8 4 1 1 2 2 3 2 3 5 2 7 8 16 8 2 6 3 3 5 4 1 3 11 5 15 13 15 13 14 13 21 9 9 9 5 5 3 1 0 1 0 5 6 3 3 3 8 4 4 1 2 1 0 0 0 0 0 0 0 0 0 0 0 1 2 1 3 4 1 2 2 2 3 8 6 10 6 4 3 7 2 2 3 2 4 4 2 4 4 2 4 2 3 3 3 7 1 4 4 5 2 3 2 3 1 1 1 2 2 2 6 2 2 2 4 6 2 6 2 22 9 9 5 4 3 5 3 4 4 4 5 8 4 4 3 0 2 1 
23 3 5 3 8 3 1 3 1 2 3 4 3 5 5 7 6 9 2 5 5 8 3 1 2 3 2 3 1 0 2 3 3 5 10 13 12 15 18 11 16 8 14 10 9 7 12 17 10 12 12 9 20 9 7 5 8 5 9 3 6 7 2 4 3 1 1 0 0 2 1 2 3 3 8 2 3 3 2 1 2 2 3 2 3 8 9 10 7 5 11 8 14 9 5 2 2 1 0 0 1 3 5 6 4 9 8 10 20 10 7 5 3 2 2 0 0 0 0 0 1 0 0 0 0 0 2 0 1 2 0 1 5 3 3 9 4 4 4 5 5 10 2 4 3 2 3 5 3 7 7 11 16 10 6 10 8 7 6 7 3 5 0 1 2 1 2 2 3 3 3 3 7 4 4 2 2 2 2 2 3 8 2 2 1 2 1 5 5 4 5 8 10 22 9 6 4 4 1 3 
46 9 9 10 10 4 3 3 4 2 2 4 5 5 3 4 10 7 7 6 9 9 4 5 2 5 4 4 4 1 0 0 2 5 9 8 11 15 11 10 16 10 13 5 8 6 5 9 9 10 15 16 30 6 13 10 12 13 9 12 14 21 7 5 5 3 2 2 0 2 2 0 1 1 4 3 0 1 1 2 4 1 3 4 5 5 3 9 8 4 5 9 10 4 7 4 4 0 0 1 1 1 5 5 3 6 5 5 8 5 3 3 2 2 1 0 0 0 0 0 1 0 1 1 1 1 2 0 0 2 0 0 1 2 3 4 2 9 8 8 4 11 2 5 5 3 1 2 2 1 5 6 11 5 2 1 4 8 5 1 3 3 2 1 2 2 2 1 2 2 4 2 7 2 5 5 4 2 4 2 3 3 3 3 1 1 1 2 1 2 1 1 4 5 6 3 2 8 1 2 
17 5 6 6 8 6 2 2 3 2 2 4 1 6 4 5 10 5 4 7 6 13 5 3 3 6 1 0 1 2 2 0 2 5 6 10 15 17 16 18 16 12 11 7 4 6 4 8 6 5 10 12 17 13 12 12 13 12 8 15 8 8 8 4 2 1 1 1 1 1 3 3 2 2 7 3 3 2 1 2 2 1 4 1 6 6 6 10 6 10 13 10 12 5 6 3 5 2 0 1 1 0 2 4 4 5 4 7 8 2 2 1 1 1 0 0 0 2 0 1 3 2 0 1 0 2 2 2 1 1 1 0 0 0 3 4 3 8 6 4 4 9 3 5 3 3 2 1 1 1 2 1 6 2 3 3 5 2 3 3 1 3 2 2 1 1 2 3 6 8 1 4 9 2 3 1 3 4 3 2 1 3 3 1 1 3 2 2 1 0 3 3 2 11 5 5 4 4 3 4 
23 3 4 5 8 2 2 2 1 2 2 2 2 3 5 11 20 14 12 16 17 28 17 11 8 12 5 6 3 3 0 1 3 6 10 11 18 24 34 23 23 17 15 11 8 3 7 10 7 7 7 8 13 10 8 8 9 9 8 13 7 8 3 3 6 1 0 3 0 0 0 3 1 1 5 2 1 1 2 0 0 3 2 2 6 3 7 11 7 9 8 4 8 7 8 6 1 3 3 1 2 4 6 9 8 23 5 10 12 4 1 4 3 1 0 0 0 1 1 3 5 2 3 2 1 1 3 2 1 2 1 0 0 0 1 5 2 7 6 6 11 31 11 7 8 7 5 2 2 1 0 1 4 3 2 6 5 8 4 2 2 2 1 1 2 2 2 4 6 10 7 6 23 8 7 5 7 3 3 3 2 5 3 0 1 1 0 0 1 1 3 5 4 5 2 6 2 4 4 6 
24 6 10 9 18 6 8 7 7 6 1 2 0 3 2 6 9 7 6 9 11 11 9 8 8 9 5 4 3 1 3 3 3 7 10 10 13 23 15 18 22 11 9 7 6 4 7 8 8 6 8 9 17 7 15 13 20 8 12 12 10 9 9 6 2 2 3 4 0 1 1 2 1 0 3 2 1 2 1 0 0 2 1 3 2 3 7 10 7 9 11 4 10 5 3 3 4 1 1 0 1 1 2 3 4 8 3 6 7 3 4 3 1 1 0 1 3 1 4 2 7 3 2 3 2 3 4 1 2 2 2 1 0 0 0 0 3 5 5 5 6 12 9 3 5 1 3 1 0 1 3 0 6 4 4 4 5 7 3 1 3 1 0 0 1 2 1 3 3 8 4 6 9 3 2 2 1 3 3 2 2 2 2 0 0 1 1 2 2 3 2 3 3 8 5 6 5 9 3 7 
10 5 3 7 8 2 3 4 2 1 1 3 3 0 3 6 10 6 11 13 10 19 10 7 14 24 9 8 7 4 4 2 3 3 6 10 11 16 19 14 6 6 7 7 7 3 5 5 6 4 5 3 14 7 11 6 15 12 16 23 10 9 8 4 4 3 1 2 2 2 1 1 0 0 3 1 1 0 0 0 1 2 2 2 5 4 4 20 14 8 9 11 7 6 5 3 3 2 2 0 0 1 2 2 2 7 6 2 2 5 3 1 0 0 1 2 2 3 4 2 6 4 4 2 4 2 7 3 2 4 2 0 1 0 0 1 3 2 4 3 3 13 6 5 4 5 4 1 0 1 2 3 6 3 4 7 8 19 5 4 4 4 2 3 1 2 2 6 5 5 7 2 12 6 6 3 1 2 1 1 1 1 1 0 1 0 2 2 1 2 6 4 2 5 4 4 6 10 2 11 
8 5 5 4 6 1 3 2 2 0 3 1 2 3 5 5 8 3 4 9 11 8 14 9 4 5 6 4 2 4 2 2 6 6 8 10 9 20 15 12 18 9 11 4 8 4 8 5 3 4 5 5 11 6 5 8 12 6 9 10 6 9 4 4 2 3 1 4 2 1 2 1 1 0 1 0 0 0 0 0 0 0 0 0 2 4 6 11 10 8 10 10 19 7 7 7 9 4 6 2 2 2 0 0 1 5 2 3 2 2 2 1 0 0 0 1 1 3 2 2 6 4 3 6 2 6 7 1 1 3 1 0 0 0 2 4 4 4 8 6 7 22 12 9 9 7 10 5 2 2 0 1 3 3 3 2 2 7 3 3 3 2 1 0 3 5 6 6 8 18 14 11 11 5 6 3 3 1 1 0 0 1 0 0 0 2 2 0 2 0 7 5 7 11 7 9 8 21 7 23 
7 2 2 2 10 1 3 2 2 1 0 5 3 3 2 0 11 7 7 11 13 13 13 11 3 10 5 2 4 4 3 6 4 3 7 9 5 21 9 9 13 13 11 10 5 5 5 6 4 4 3 4 9 4 4 5 11 7 6 12 3 3 4 1 3 3 2 5 0 4 2 3 1 3 1 0 1 0 0 0 0 0 1 1 2 4 3 8 3 5 4 5 9 4 5 2 9 3 4 2 4 1 4 1 2 6 3 0 3 2 1 0 0 2 2 5 7 3 9 8 23 8 11 11 8 8 17 7 6 6 4 1 2 1 0 0 1 3 4 5 5 9 7 6 5 5 5 3 1 1 0 2 1 2 1 1 1 4 2 3 1 2 1 2 2 2 3 3 5 8 4 5 9 2 3 2 1 1 0 0 0 0 0 0 0 2 2 1 2 2 6 3 4 4 4 1 8 12 1 12 
4 1 2 2 4 1 4 3 4 3 0 5 2 7 4 7 8 7 11 8 20 14 7 9 10 8 6 6 3 3 4 8 3 6 12 13 9 16 16 12 18 11 17 13 6 3 6 3 3 2 2 2 8 3 5 3 5 8 4 8 3 4 3 3 2 2 2 6 1 3 3 4 3 4 1 1 0 0 0 0 0 0 2 1 3 1 3 3 1 3 3 7 9 5 8 5 11 4 7 3 3 3 3 2 2 4 1 2 1 0 0 0 0 0 0 2 0 1 2 3 7 2 4 5 5 4 8 1 1 1 2 2 1 0 0 0 1 1 3 6 4 11 2 7 5 3 8 1 3 0 2 3 0 1 2 4 2 6 1 0 2 2 1 2 1 2 3 4 4 7 1 3 4 2 2 1 0 0 0 0 0 0 0 0 1 2 1 4 1 4 8 3 2 4 5 6 2 9 2 14 
7 2 2 1 3 2 2 2 1 2 3 5 1 4 2 4 7 8 4 12 8 9 5 8 4 6 7 6 4 5 6 7 3 4 8 8 7 14 16 7 14 15 18 11 9 11 11 5 4 3 3 3 4 4 2 4 8 7 7 8 3 2 5 4 2 1 3 8 4 2 3 5 1 5 1 2 2 0 0 0 0 0 0 0 1 3 0 2 3 5 4 3 5 3 7 3 9 1 9 3 4 2 2 0 1 0 0 0 0 0 0 0 0 0 0 1 0 2 0 2 5 3 4 2 7 4 6 2 4 2 3 0 1 0 0 0 1 2 0 4 3 5 4 5 3 2 5 4 3 2 1 0 2 2 1 1 3 5 2 2 3 0 0 1 1 1 3 3 2 5 1 2 6 2 2 2 0 0 0 0 0 0 2 0 3 4 4 5 9 4 19 7 8 10 10 8 6 12 6 15 
6 2 2 0 1 1 1 2 0 4 5 8 2 1 4 4 5 4 2 13 11 9 7 5 5 8 8 4 7 6 7 4 3 4 4 7 6 13 7 11 10 10 15 11 15 13 21 9 6 4 4 4 2 3 2 5 8 11 3 3 3 7 5 9 7 4 7 16 7 9 5 5 4 6 2 1 1 1 1 1 0 0 0 1 0 1 2 5 2 3 4 3 6 5 6 6 12 6 7 3 4 1 1 1 1 0 0 0 0 0 0 0 0 0 0 0 1 2 2 3 9 1 5 2 5 5 8 1 2 1 1 1 1 0 0 0 0 1 2 2 1 7 2 5 3 4 6 2 2 2 1 1 0 1 2 0 1 2 2 1 2 1 1 3 3 1 2 1 2 2 1 1 2 1 0 1 0 0 0 0 0 1 2 1 1 2 2 3 0 3 7 5 2 5 8 3 2 14 5 9 
11 2 3 1 2 0 1 1 2 2 2 9 5 1 7 3 6 9 14 23 11 10 11 6 9 15 11 9 8 8 10 18 6 10 8 6 5 13 7 8 13 12 7 4 11 6 8 5 3 3 1 1 1 2 2 3 6 4 2 5 2 4 1 3 2 4 2 8 3 5 1 6 4 10 3 2 3 2 0 1 0 0 0 0 1 0 0 3 1 0 2 3 7 3 5 9 10 3 11 4 3 3 2 1 1 0 0 0 0 0 0 0 0 0 0 0 1 1 2 2 3 2 3 2 3 3 6 2 1 0 1 0 0 0 0 0 0 0 2 1 5 8 7 3 6 7 16 6 7 3 5 3 1 2 0 0 0 2 0 0 2 1 1 1 4 2 3 2 1 3 1 0 2 1 1 2 1 0 1 1 1 2 3 1 3 2 1 2 3 3 9 3 2 3 2 3 4 10 4 11 
20 1 2 1 3 3 3 2 6 7 5 18 8 4 5 6 6 7 7 6 10 5 4 6 3 5 9 6 7 6 9 9 4 7 5 3 6 9 6 10 12 11 13 7 6 6 8 6 2 2 2 2 4 3 5 4 8 18 5 11 8 5 4 3 5 2 3 5 2 3 3 6 3 9 4 1 3 4 1 1 0 0 0 0 0 0 0 0 0 3 3 5 12 11 14 11 21 17 32 13 13 10 6 4 4 2 0 0 0 0 0 0 0 0 0 0 1 2 1 2 4 2 1 2 1 2 5 1 0 2 1 0 0 0 0 0 0 0 0 1 1 2 2 2 1 1 8 1 3 1 2 1 0 0 0 0 0 2 0 1 3 2 1 3 5 3 0 2 1 1 1 0 2 1 1 4 0 1 1 2 2 3 3 3 5 3 3 3 3 3 6 7 4 8 6 7 6 23 6 17 
27 4 4 3 2 1 1 2 2 4 5 6 3 1 2 2 4 2 4 12 6 7 8 6 8 8 19 9 11 11 14 11 6 6 7 7 8 10 10 17 22 16 15 12 12 8 9 3 2 3 3 1 2 3 1 2 4 6 4 0 1 1 1 1 1 2 2 6 5 6 9 15 8 14 4 12 5 3 6 2 1 0 0 0 0 0 0 0 0 1 1 4 6 5 7 7 10 10 6 5 4 4 1 0 0 0 0 0 0 0 0 0 1 0 0 0 0 0 1 3 2 1 0 0 0 1 1 1 1 0 0 0 0 0 0 0 0 0 0 0 0 2 3 2 3 3 8 5 4 0 1 1 0 0 0 0 0 0 1 0 5 2 1 7 7 6 3 2 4 2 0 2 1 1 1 4 1 2 5 5 3 3 4 3 1 5 6 5 2 2 4 4 2 3 3 3 3 8 2 10 
27 5 4 3 3 2 3 0 2 4 4 6 1 3 4 3 3 2 4 8 3 2 2 5 3 5 8 9 7 9 10 11 7 5 2 4 5 5 5 8 15 13 7 11 5 6 6 2 2 1 1 1 1 2 4 1 1 8 2 4 2 2 1 2 1 2 3 3 4 4 4 4 8 13 6 4 2 7 4 2 0 1 1 0 0 0 0 0 1 2 2 3 3 7 7 4 9 5 7 5 6 2 2 0 0 0 0 0 0 0 0 1 3 1 1 1 1 1 0 2 1 0 0 0 0 0 2 0 0 0 0 0 0 0 0 0 0 0 0 0 0 0 3 1 0 2 5 2 4 1 0 2 1 0 0 0 0 1 1 1 2 7 8 9 4 5 2 5 3 4 0 1 2 2 1 7 2 3 2 6 7 4 10 7 6 4 4 3 4 1 3 1 2 3 4 5 2 4 4 10 
59 7 9 4 6 6 4 3 2 4 1 7 3 2 4 3 2 3 1 4 1 2 2 4 5 4 9 6 8 4 11 8 5 3 3 4 4 7 4 5 8 9 9 4 4 6 5 1 1 0 0 0 1 1 2 2 1 4 1 0 3 0 1 2 0 2 2 6 4 2 4 7 4 10 7 7 4 9 5 3 1 1 2 1 0 0 0 1 1 0 1 4 5 10 7 7 10 6 4 3 2 2 2 2 2 0 0 0 1 0 2 1 5 1 1 3 2 1 0 4 1 1 1 0 0 0 0 0 0 0 0 0 0 0 0 0 0 0 0 0 0 0 2 1 2 1 4 1 3 3 1 0 0 0 0 0 0 0 2 3 2 5 7 8 10 11 5 6 3 2 2 3 1 2 1 4 1 4 5 7 6 7 9 10 8 4 7 3 5 1 3 0 2 2 2 3 3 5 2 9 
41 8 5 4 4 4 2 1 2 3 2 5 3 1 2 1 1 0 2 3 1 1 2 1 6 4 11 7 6 12 22 12 9 4 6 8 6 7 7 8 12 23 12 8 7 6 5 3 1 1 0 0 1 1 1 1 3 5 2 1 1 0 1 0 1 1 1 4 4 7 2 7 2 8 8 6 3 10 3 3 1 2 1 1 0 0 0 0 1 3 1 1 3 10 6 8 7 4 7 3 4 1 2 1 2 1 1 2 1 1 1 2 4 2 2 4 3 4 2 2 2 1 1 1 0 0 0 0 0 0 0 0 0 0 0 0 0 0 0 0 0 0 0 1 1 2 2 2 2 0 0 0 0 0 0 0 0 0 2 8 6 13 13 13 16 10 5 8 6 5 2 5 2 0 4 8 3 4 7 6 11 10 18 12 11 9 5 2 4 2 0 1 0 3 3 2 6 6 1 6 
50 13 13 9 8 8 4 2 2 3 2 3 2 1 1 1 1 0 0 3 1 0 2 1 3 4 9 3 6 4 10 5 2 1 2 3 4 5 5 4 6 7 4 1 3 1 2 1 0 0 0 0 0 1 2 1 1 3 1 2 2 1 0 0 0 1 0 1 2 4 5 7 6 8 7 5 8 6 5 1 4 0 1 0 0 0 0 0 0 2 3 1 3 9 4 4 5 5 2 2 2 1 3 0 1 0 0 4 2 1 0 2 6 5 2 3 3 2 4 2 2 1 1 2 1 1 0 0 0 0 0 0 0 0 0 0 0 0 0 0 0 0 0 0 1 1 2 1 1 1 0 0 0 0 0 0 2 1 5 6 4 11 15 19 18 11 7 10 6 8 4 5 9 10 10 19 6 9 6 6 9 8 12 8 18 10 7 6 6 2 1 1 1 1 2 3 7 5 4 8 
48 11 8 5 4 5 1 2 2 2 2 0 1 0 1 0 0 0 0 1 0 0 1 1 2 2 3 6 2 3 6 4 3 3 2 2 3 1 3 3 7 6 3 5 2 2 1 1 0 0 0 0 0 0 0 0 1 2 0 1 1 1 0 0 0 1 1 2 2 3 4 10 7 12 10 9 10 20 12 7 7 5 3 1 2 0 0 3 2 4 2 6 7 19 9 8 10 6 5 3 2 0 0 1 5 1 2 3 1 1 3 5 6 4 3 3 3 4 3 6 1 2 2 1 2 1 0 0 0 0 0 0 0 0 0 0 0 0 1 0 0 0 0 0 0 0 1 0 0 0 0 0 0 0 0 0 2 2 4 5 8 8 13 8 9 5 7 7 3 3 3 5 5 6 6 7 1 5 4 6 6 6 10 8 6 5 5 3 3 1 2 1 1 2 4 3 6 1 3 6 
37 11 10 6 8 12 4 3 0 1 2 2 0 0 0 0 0 0 0 0 0 0 0 1 1 3 4 3 2 1 4 3 4 1 3 1 0 1 2 0 4 10 3 3 0 1 1 0 1 1 0 0 1 1 1 0 0 2 2 2 1 3 2 0 1 3 0 2 5 8 6 18 8 11 7 8 5 12 6 2 1 2 0 1 0 0 0 1 2 2 1 2 4 5 2 2 5 0 5 2 1 2 2 3 3 2 1 3 3 3 2 1 5 2 3 4 4 3 4 8 4 4 1 2 0 0 0 0 0 0 0 0 0 0 0 0 1 1 1 0 0 0 0 0 0 0 0 0 0 0 0 0 0 0 1 3 1 2 5 5 8 7 12 13 9 7 8 5 6 4 3 7 4 3 2 5 1 5 4 4 7 7 11 8 12 5 5 2 4 1 2 1 2 2 2 4 5 3 1 3 
58 13 11 11 7 9 3 3 3 4 1 0 0 0 0 0 0 0 0 0 0 0 0 0 0 0 3 0 2 2 5 0 2 2 1 1 0 1 2 0 2 4 2 1 3 1 1 1 1 0 1 4 1 0 1 0 1 1 2 2 2 6 1 1 2 3 2 2 3 2 3 7 4 4 3 2 4 7 1 3 2 0 2 1 1 1 2 0 1 2 4 2 2 5 3 2 3 2 2 1 2 3 3 5 6 4 5 5 7 4 6 7 21 11 9 9 9 5 9 15 7 5 3 3 4 4 1 0 0 0 0 0 0 0 1 2 0 1 4 2 1 0 0 0 0 0 0 0 0 0 0 0 1 2 2 1 1 3 5 7 5 6 8 9 10 7 5 5 3 3 1 12 3 4 3 7 4 4 4 5 7 8 4 5 10 5 7 2 3 3 3 3 5 5 5 8 14 4 8 16 
45 7 11 13 14 16 11 9 5 6 4 2 0 0 0 0 0 0 0 0 0 0 0 0 0 0 1 2 0 2 3 2 0 1 1 0 0 0 2 0 1 4 2 3 1 0 1 2 1 1 1 4 2 3 3 2 1 1 2 3 4 5 0 3 3 3 2 6 2 3 3 8 2 4 4 5 3 9 1 2 1 2 2 3 1 1 5 1 3 4 1 2 2 4 2 3 2 1 2 1 3 0 3 1 5 3 2 1 4 3 4 2 8 4 2 2 3 2 1 5 3 4 3 0 1 1 0 0 0 0 0 0 0 0 0 1 1 2 2 3 1 1 0 0 0 0 0 0 0 0 0 1 2 2 4 6 7 7 10 8 11 9 19 11 7 10 8 10 2 2 4 8 3 4 5 5 2 3 4 8 4 2 5 6 5 5 7 5 2 2 2 1 1 3 3 4 3 1 3 2 
53 9 13 10 10 10 8 3 3 3 2 2 1 1 0 0 0 0 0 0 0 0 0 0 0 0 0 1 1 1 3 0 1 1 0 0 0 0 0 0 1 3 1 3 2 2 2 3 3 1 2 4 3 1 2 1 2 3 3 3 5 5 3 3 2 1 3 7 2 4 2 7 4 4 1 4 1 6 3 3 1 2 1 2 2 3 7 2 1 3 2 3 2 5 2 2 1 2 3 3 5 4 7 8 16 6 5 5 4 6 3 4 7 4 1 2 4 4 3 10 2 3 3 3 2 0 0 0 0 0 0 0 1 0 1 0 2 1 5 2 4 2 1 1 0 0 0 0 0 0 1 1 0 4 4 5 4 5 8 7 7 9 12 6 8 6 6 3 7 5 7 16 4 6 5 8 5 8 4 4 4 3 6 8 7 2 4 2 2 2 2 0 1 4 2 4 5 2 2 7 
61 12 9 12 9 13 7 1 3 6 4 2 1 2 0 0 0 0 0 0 0 0 0 0 0 0 0 0 0 0 0 0 0 0 0 0 0 0 0 1 1 2 3 0 5 2 3 4 5 4 3 6 2 1 2 2 2 5 3 4 5 9 5 3 5 5 2 5 2 6 5 5 4 2 2 2 2 4 2 2 2 0 1 3 4 3 7 2 4 3 2 1 1 3 1 1 0 1 1 2 3 1 2 3 7 2 5 5 3 1 3 1 6 3 4 2 6 2 1 5 3 2 2 1 1 0 0 0 0 0 0 0 0 1 1 1 2 2 4 4 1 1 2 1 1 0 0 0 0 1 2 1 2 3 5 6 4 7 10 4 8 7 7 7 5 4 4 1 1 2 2 7 3 4 1 2 3 3 2 4 4 11 7 5 5 6 10 2 2 2 3 1 3 1 0 2 4 2 2 7 
42 6 6 8 6 7 3 4 4 10 4 3 1 2 0 0 0 0 0 0 0 0 0 0 0 0 0 0 0 0 0 0 0 0 0 0 0 0 0 1 3 2 1 1 3 4 1 4 1 3 2 6 6 4 1 4 3 6 8 9 12 16 12 9 8 4 7 10 6 4 2 6 1 2 3 1 1 3 0 0 0 1 2 0 2 2 4 3 4 3 3 2 1 3 1 1 1 0 1 0 2 2 1 3 3 3 2 1 1 3 0 1 3 3 1 2 2 3 1 4 0 2 2 1 0 0 0 0 0 0 0 0 1 1 2 3 3 1 9 4 3 3 1 1 0 0 0 0 0 1 0 3 5 8 7 14 12 9 19 12 8 7 8 7 3 3 3 2 3 1 5 3 1 4 3 4 2 4 4 6 10 19 10 9 7 6 11 2 5 5 2 2 3 3 1 2 4 3 1 2 
37 5 10 8 8 8 4 5 4 8 5 2 3 1 2 0 0 0 0 0 0 0 0 0 0 0 0 0 0 0 0 0 0 0 0 0 0 0 1 0 1 2 3 2 9 6 5 4 4 8 5 22 4 9 5 5 6 3 5 3 7 12 5 5 6 4 3 7 3 4 2 4 2 2 1 0 1 4 1 1 1 1 2 2 2 3 4 4 5 2 2 2 2 0 0 0 0 0 1 1 2 2 1 1 5 2 3 1 3 1 1 0 4 2 0 1 0 1 1 3 2 2 0 0 0 0 0 0 0 0 0 2 3 1 5 3 6 5 24 9 9 7 8 2 2 1 0 0 0 1 1 2 5 1 4 4 7 7 12 9 6 1 7 4 3 2 1 1 2 3 2 6 3 2 2 2 2 2 4 4 5 8 8 4 4 8 10 7 6 7 2 2 4 2 2 1 4 2 2 0 
37 7 9 6 9 10 3 4 4 5 4 4 1 2 2 1 0 0 0 0 0 0 0 0 0 0 0 0 0 0 0 0 0 0 0 0 0 0 0 1 1 2 1 3 7 5 2 5 2 4 4 7 5 4 4 4 10 4 6 6 7 10 6 6 4 4 5 6 3 4 2 2 1 2 0 1 2 3 2 3 5 3 2 5 10 9 20 8 11 4 4 5 2 1 0 0 0 0 0 0 1 2 0 1 6 1 3 2 1 0 1 0 2 1 0 0 0 1 0 1 0 0 1 0 0 0 0 0 0 0 0 0 0 2 2 1 3 4 5 5 2 1 6 0 1 1 0 0 2 3 4 3 3 9 12 15 10 8 8 7 9 6 6 3 3 2 1 2 2 0 1 3 1 1 0 3 3 3 1 7 5 11 13 12 7 15 21 14 9 6 6 3 5 4 3 1 7 2 2 1 
37 6 11 9 8 5 7 5 6 23 8 7 7 3 2 2 0 0 0 0 0 0 0 0 0 0 0 0 0 0 0 0 0 0 0 0 0 2 2 4 3 4 4 4 13 9 10 5 5 3 5 10 3 4 3 5 9 9 6 7 7 10 8 4 8 9 9 19 7 7 2 4 4 3 1 1 0 4 2 1 3 1 4 5 5 4 9 7 6 4 2 3 1 2 1 0 0 0 0 0 0 1 0 2 5 1 2 1 1 0 0 0 1 0 0 0 0 0 0 1 0 0 0 0 0 0 0 0 0 0 0 0 0 0 1 4 1 1 8 5 4 5 6 1 0 2 0 0 0 0 0 2 3 5 3 10 3 5 6 6 4 3 3 2 1 0 0 1 3 3 1 2 5 1 0 2 1 2 1 2 4 9 7 5 6 9 11 7 4 9 6 1 4 3 3 2 3 3 1 2 
35 6 5 5 5 1 3 4 5 4 3 2 2 0 1 0 0 0 0 0 0 0 0 0 0 0 0 0 2 0 0 0 0 0 0 0 0 0 0 0 1 2 3 3 4 3 5 5 4 3 5 6 4 6 8 8 11 7 9 12 21 13 8 10 6 5 4 12 1 4 3 1 3 3 1 1 4 8 2 2 5 1 4 7 7 6 11 8 15 8 5 4 2 1 0 0 0 0 0 0 0 0 0 1 2 1 1 0 0 0 0 0 0 0 0 0 0 0 0 0 0 0 0 0 0 0 0 0 0 0 0 0 1 1 1 1 2 2 4 4 3 3 5 1 2 2 2 0 0 0 2 1 2 4 3 9 6 5 9 4 3 2 2 0 0 2 2 0 5 3 3 7 1 1 2 1 2 3 3 3 4 10 4 8 6 5 12 6 10 3 4 3 2 4 2 4 6 1 3 3 
42 7 4 7 5 3 4 3 3 5 3 2 2 2 2 0 0 0 0 0 0 0 0 0 0 1 1 0 1 0 0 0 0 0 0 0 0 0 1 0 0 1 2 3 10 1 5 3 2 2 3 9 3 3 6 4 10 10 5 6 8 8 4 5 3 3 2 6 3 4 4 3 6 4 2 4 2 6 5 3 5 4 6 4 7 8 7 7 8 6 4 4 1 0 1 0 0 0 0 0 0 0 0 0 0 0 0 0 0 0 0 0 0 0 0 0 0 0 0 0 0 0 0 0 0 0 0 0 0 0 0 0 0 0 1 0 2 3 5 5 5 5 5 3 4 1 2 1 0 0 2 0 0 1 3 5 4 4 7 3 0 1 0 0 1 2 1 0 3 3 4 1 4 2 2 0 3 1 3 1 2 10 11 4 6 5 8 6 5 7 6 6 2 5 3 4 8 1 3 4 
59 11 5 8 7 6 4 3 2 5 0 1 2 1 1 0 0 0 0 0 0 0 0 0 0 1 0 0 3 2 0 2 0 0 0 0 0 0 1 2 3 3 1 1 7 0 0 1 2 1 2 4 2 3 3 8 14 7 6 6 8 9 3 3 3 3 3 3 5 4 3 4 7 3 4 4 9 11 4 6 9 7 7 9 9 9 7 15 25 10 8 4 5 2 4 2 0 0 0 0 0 0 0 0 0 0 0 0 0 0 0 0 0 0 0 0 0 0 0 0 0 0 0 0 0 0 0 0 0 0 0 0 0 0 1 2 1 3 4 2 5 4 6 2 4 1 1 2 0 0 1 1 2 1 2 3 1 3 3 2 2 1 0 2 4 3 1 2 4 5 5 3 10 8 2 5 2 4 6 5 6 7 21 13 9 10 13 10 7 23 6 7 6 5 6 6 9 4 2 6 
49 7 5 6 5 5 4 1 2 5 1 1 2 2 0 0 0 0 0 0 0 0 0 0 2 3 1 1 4 2 2 3 1 0 0 0 0 0 0 1 1 1 1 0 4 0 2 0 2 3 2 9 5 6 4 8 23 13 10 16 12 7 7 4 3 1 3 7 3 5 5 6 9 6 7 11 10 15 11 10 9 6 8 9 7 6 7 6 15 7 3 3 4 1 1 0 0 0 0 0 0 0 0 0 0 0 0 0 0 0 0 0 0 0 0 0 0 0 0 0 0 1 0 0 0 0 0 0 0 0 0 0 0 0 0 1 1 1 3 3 4 4 6 4 2 3 0 2 0 1 1 2 3 1 1 4 1 0 0 0 0 0 1 0 4 2 3 4 7 4 8 7 6 6 4 3 4 6 4 2 6 8 9 7 6 4 6 5 3 7 5 7 8 6 8 9 19 7 6 21 
37 7 6 6 4 2 3 2 0 3 0 2 1 1 0 0 0 0 0 0 0 0 1 1 1 3 2 4 5 2 1 1 3 2 0 0 0 0 0 0 0 2 1 1 2 2 1 1 1 0 1 2 1 3 7 5 10 9 10 6 10 4 3 3 1 1 1 4 3 2 4 3 4 3 4 6 7 8 10 3 8 4 2 7 7 3 8 12 11 6 5 5 3 2 0 0 0 0 0 0 0 0 0 0 0 0 0 0 0 0 0 0 0 0 0 0 0 0 0 1 1 2 1 0 1 0 0 0 0 0 0 0 0 0 0 1 1 3 6 6 8 5 21 10 7 5 3 6 3 0 1 1 5 2 2 3 2 1 0 0 1 1 1 4 7 3 5 3 9 10 5 8 11 7 4 4 6 2 4 3 7 2 7 7 6 4 2 5 4 5 6 4 7 4 3 9 9 5 4 7 
82 12 14 11 5 2 5 2 0 2 1 1 1 0 0 0 0 0 0 0 0 0 0 1 3 2 2 1 6 2 2 1 2 1 0 0 0 0 0 0 0 0 1 0 2 1 0 0 0 0 0 2 3 4 3 4 9 15 5 4 9 4 2 2 1 1 0 3 3 4 2 4 8 3 4 6 10 15 8 13 24 7 11 14 6 12 13 24 14 7 6 2 5 3 3 0 0 0 0 0 0 0 0 0 0 0 0 0 0 0 0 0 0 0 0 0 0 0 1 1 2 3 0 1 1 1 0 0 0 1 0 0 0 0 0 0 0 1 2 4 2 3 6 1 5 2 3 3 2 4 2 1 4 3 1 3 2 0 0 1 0 3 5 7 10 10 10 14 22 13 18 12 19 13 7 7 6 3 5 4 9 3 7 5 4 7 4 4 1 5 4 3 4 5 6 4 8 4 5 7 
36 9 11 8 7 4 4 1 4 1 0 0 0 0 0 0 0 0 0 0 0 0 1 2 1 1 3 4 4 3 3 1 0 0 1 0 0 0 0 0 0 0 0 0 1 0 0 0 0 0 1 6 3 6 8 8 14 25 11 9 11 4 5 2 1 3 0 2 3 6 6 6 23 5 8 10 8 8 4 5 7 7 7 6 5 7 9 8 6 8 4 3 3 0 0 0 0 0 0 0 0 0 0 0 0 0 0 0 0 0 0 0 0 0 0 0 0 1 0 2 2 5 1 1 1 2 2 0 0 3 1 0 0 0 0 0 0 1 3 2 2 3 9 1 5 5 5 7 5 3 6 6 9 2 1 4 2 4 2 1 1 2 5 3 6 4 3 5 12 6 9 10 14 13 4 5 8 6 7 5 10 6 5 2 6 2 1 1 3 6 3 5 6 4 6 8 9 4 5 9 
34 7 7 8 3 4 3 2 1 1 0 1 0 0 0 0 0 0 0 0 0 2 4 3 4 5 7 6 27 3 7 4 2 2 2 2 0 0 0 0 0 0 0 0 0 0 0 0 1 1 1 3 3 4 5 5 12 10 2 3 2 1 1 0 1 2 0 1 2 1 3 4 11 5 4 5 7 9 7 2 11 6 3 5 5 6 7 6 11 6 3 2 3 0 0 0 0 0 0 0 0 0 0 0 0 0 0 0 0 0 0 0 0 0 0 1 1 1 2 2 2 5 1 2 2 2 3 1 2 5 2 1 1 1 0 0 0 1 0 1 2 2 7 3 4 2 5 6 6 0 3 5 13 4 5 4 1 2 3 1 2 3 3 4 10 5 7 5 8 7 7 7 13 10 6 7 3 3 4 5 8 4 5 6 3 3 1 2 3 4 5 8 8 10 5 14 7 4 3 4 
37 7 7 5 6 4 1 2 4 2 2 3 2 0 0 0 0 0 0 0 0 0 1 1 2 3 3 5 8 5 3 2 0 1 1 0 0 0 0 0 0 0 0 0 0 0 0 1 2 1 1 4 2 4 4 3 10 8 5 4 2 3 3 3 3 2 2 2 3 2 3 1 7 2 3 10 5 3 3 4 3 4 5 6 6 7 9 5 6 4 4 4 0 1 0 0 0 0 0 0 0 0 0 0 0 0 0 0 0 0 0 0 0 0 0 3 1 1 3 1 3 5 2 2 4 5 2 2 1 3 2 2 2 1 1 0 0 0 1 3 1 1 5 6 4 2 4 12 5 6 8 5 14 5 7 5 5 5 2 3 3 3 2 5 7 3 6 7 11 9 9 6 14 22 14 8 12 12 12 11 18 13 10 6 5 3 3 3 3 4 5 7 5 5 6 8 6 2 5 8 
32 2 4 4 4 1 4 3 5 2 1 2 2 1 1 0 0 0 0 0 0 0 1 1 1 2 3 1 10 4 2 2 1 0 0 0 0 0 0 0 0 0 0 0 0 0 1 2 1 2 2 6 4 4 7 5 9 9 4 3 5 4 4 3 2 4 3 2 3 2 2 2 2 1 4 5 4 5 2 4 6 2 5 5 6 5 6 7 3 5 0 1 1 0 0 0 0 1 0 0 0 0 0 0 0 0 0 0 0 0 0 1 0 0 1 3 0 1 2 1 2 8 4 3 2 3 1 3 2 7 1 2 1 2 1 0 0 0 1 0 2 0 5 1 4 3 4 10 9 7 11 10 16 11 10 11 6 11 5 6 6 4 9 9 23 8 9 7 14 12 10 6 7 6 6 8 7 7 7 6 9 6 6 3 1 2 1 1 5 7 8 8 15 12 12 19 12 2 3 7 
24 5 3 6 9 3 4 2 8 3 2 3 2 1 0 0 0 0 0 0 0 0 1 1 2 3 4 5 9 4 2 2 3 3 0 0 0 0 0 0 0 0 0 0 0 1 2 1 3 0 2 6 4 9 7 4 7 5 2 4 4 6 1 4 6 7 3 5 2 3 4 3 8 4 4 4 1 4 3 2 3 2 1 6 5 5 9 7 2 3 1 2 0 0 0 0 0 3 0 0 0 0 0 0 0 0 0 0 0 1 0 4 3 2 4 4 4 6 6 7 7 17 6 6 5 4 8 6 2 5 2 3 2 1 0 0 0 0 0 1 1 0 2 3 3 2 7 8 3 3 8 7 12 10 5 7 4 8 2 3 6 5 7 3 18 6 7 5 9 5 5 2 7 8 5 6 9 3 5 6 13 4 1 1 4 2 5 5 3 6 7 7 7 4 5 11 9 1 2 3 
17 4 4 3 5 4 5 4 2 2 2 3 2 1 0 0 0 0 0 0 0 0 0 2 3 2 1 0 10 4 5 5 2 2 1 0 0 0 0 0 0 0 0 0 0 2 1 3 5 4 2 11 4 6 4 9 7 10 4 1 8 3 6 5 10 5 3 4 3 3 3 3 3 4 5 7 2 3 3 3 6 6 7 4 8 7 17 9 8 5 5 3 2 0 2 0 1 0 1 2 1 0 0 0 0 0 1 1 1 0 1 5 4 4 4 3 1 3 2 3 5 8 5 4 4 2 4 5 5 5 3 2 1 1 2 0 0 0 0 0 2 3 7 5 7 6 8 25 14 13 17 15 34 11 13 7 10 12 5 5 6 5 4 4 12 3 4 5 8 4 5 3 5 8 4 4 5 5 5 6 14 6 7 3 4 4 1 5 3 3 4 14 8 10 10 8 4 4 4 2 
19 6 8 5 11 7 9 10 24 12 5 4 5 3 2 0 0 0 0 0 0 0 0 1 2 4 2 6 10 5 3 3 3 2 0 0 0 0 0 0 0 0 0 0 1 1 3 3 5 6 7 10 6 5 9 11 22 15 7 8 3 8 3 9 9 13 5 5 4 4 1 2 6 3 5 7 2 2 1 2 3 2 1 1 3 3 9 6 3 1 1 1 2 1 3 2 2 5 2 1 2 1 0 1 1 1 3 0 3 2 2 5 3 4 2 6 5 2 4 4 5 8 4 5 4 6 8 10 6 19 12 7 5 6 2 3 1 0 0 0 0 0 1 3 2 2 2 8 6 7 5 5 14 7 8 5 7 5 5 4 7 5 7 4 9 4 4 6 4 2 2 1 2 4 2 1 4 4 5 3 12 3 3 4 3 5 3 5 5 9 9 20 15 11 11 9 8 6 5 6 
20 4 5 5 8 3 3 5 8 5 3 0 2 1 0 0 0 0 0 0 0 0 1 1 3 4 3 10 8 3 7 5 1 1 1 0 0 0 0 0 0 0 0 1 2 2 1 4 10 6 12 17 9 10 7 7 12 9 8 7 5 5 5 6 14 24 11 8 9 4 7 9 6 7 8 18 8 6 4 4 2 2 3 3 3 3 6 2 2 2 2 3 2 0 6 3 3 8 3 2 0 1 2 2 1 2 6 2 2 5 5 7 5 6 5 10 4 3 2 5 2 4 1 5 2 5 4 4 7 10 6 4 6 3 3 3 1 0 0 0 0 2 2 4 2 5 6 8 7 6 7 6 10 8 7 6 8 21 10 7 6 9 6 7 10 5 4 3 3 2 2 0 2 6 4 3 3 6 6 8 18 7 5 5 5 3 7 4 7 9 8 14 22 9 11 11 5 9 4 7 
22 6 7 6 11 1 4 5 11 5 5 3 2 1 0 0 0 0 0 0 0 2 4 6 5 8 8 12 16 9 5 7 3 3 2 0 0 0 0 0 0 0 1 1 1 3 2 4 6 4 3 12 8 6 6 7 7 2 3 4 7 2 6 9 11 11 3 6 3 2 1 1 0 1 2 6 3 2 1 2 2 0 2 2 1 2 6 2 4 1 3 4 3 1 4 4 4 4 3 5 2 2 1 4 2 3 5 2 5 3 9 8 7 3 7 8 3 4 6 2 3 2 0 4 3 3 3 9 7 6 6 6 9 3 0 1 1 1 0 0 0 2 2 4 3 5 4 9 8 4 4 3 9 5 3 5 1 8 4 7 3 8 8 8 25 9 9 5 5 2 1 2 0 2 0 3 2 4 5 5 8 4 4 4 2 2 1 2 2 4 6 12 13 7 5 9 5 3 3 12 
48 8 5 9 10 7 7 2 8 3 8 1 1 3 0 0 0 0 0 0 0 2 2 0 4 4 5 9 7 6 5 1 3 1 0 0 0 0 0 0 0 0 0 1 1 3 3 2 5 5 5 11 5 6 5 6 8 2 7 4 7 7 8 11 16 13 9 8 6 6 4 4 2 3 2 6 2 5 3 1 1 1 2 2 0 1 4 1 1 1 3 0 4 3 5 6 7 7 4 4 3 1 3 1 3 3 6 3 5 11 10 14 13 13 11 20 11 6 7 3 5 9 3 2 4 5 3 6 4 11 7 7 9 5 2 3 0 0 1 0 2 1 3 2 3 7 4 6 6 5 4 3 6 2 4 2 5 5 3 4 4 6 4 5 11 4 3 4 3 0 0 0 0 2 1 0 1 3 2 5 4 2 8 0 1 1 0 1 1 4 5 5 7 7 6 6 5 2 4 13 
28 9 10 11 21 15 7 8 12 6 6 2 1 4 1 0 0 0 0 0 1 4 1 2 5 4 4 10 7 6 6 4 3 1 1 0 0 0 0 0 0 0 0 0 2 3 5 6 6 4 6 9 4 4 7 9 5 2 2 6 5 6 6 9 9 10 4 3 1 6 4 2 1 2 2 7 2 2 2 1 1 1 0 0 1 1 3 0 2 4 4 1 3 2 8 8 12 22 7 7 4 6 3 3 6 6 11 4 10 10 9 21 15 13 10 13 5 5 3 3 1 2 1 1 5 4 5 8 4 12 9 7 6 3 2 2 2 0 0 0 1 2 3 0 4 8 4 5 2 3 0 3 4 1 3 2 5 3 2 1 3 5 5 5 8 2 5 4 2 2 0 0 0 0 1 0 1 1 2 5 5 6 7 1 5 2 2 3 5 2 2 6 8 3 6 5 4 2 3 17 
20 4 8 2 12 9 5 5 4 5 4 3 4 7 3 2 0 0 1 0 1 5 2 3 6 4 8 11 10 6 4 3 5 3 0 1 0 0 0 0 0 1 2 2 4 6 9 4 14 13 11 12 8 9 8 7 8 1 3 5 6 4 3 7 10 5 6 3 3 3 1 2 0 1 2 2 0 2 2 1 0 0 0 0 0 0 2 1 1 2 2 3 3 3 8 4 8 11 4 2 1 2 1 2 1 5 7 5 6 7 4 15 10 10 6 6 5 7 3 2 1 2 2 1 2 1 7 11 5 5 8 8 8 2 2 1 1 1 0 0 1 2 4 3 6 7 5 6 4 1 1 2 2 2 2 2 0 7 1 4 5 4 4 4 8 3 2 0 3 0 0 0 0 0 0 1 0 4 3 2 9 3 8 3 3 2 2 1 4 2 2 6 4 2 5 1 3 5 5 15 
21 6 6 7 9 8 5 7 6 8 8 5 3 4 2 2 3 2 2 1 3 7 5 9 5 9 10 17 12 6 6 4 7 6 1 0 0 0 0 0 0 0 0 0 3 3 0 3 6 5 2 7 3 4 4 7 6 3 4 3 3 5 5 7 11 7 3 6 4 4 1 1 1 1 1 4 1 1 1 0 0 1 1 0 1 0 2 0 0 2 2 3 4 4 8 3 4 9 4 3 4 4 5 5 7 8 20 8 11 11 15 13 15 10 8 8 4 5 0 0 1 3 5 5 7 5 10 22 12 10 8 10 20 9 7 5 8 4 6 3 4 1 4 8 8 19 10 8 2 3 2 2 4 0 1 2 1 4 3 4 5 8 4 4 9 4 4 4 1 1 0 0 0 0 0 0 1 2 2 2 3 2 11 4 3 2 2 1 1 2 0 1 6 3 5 6 7 6 9 53 
26 5 6 7 11 9 8 6 6 7 12 7 2 8 6 4 6 3 2 1 0 5 4 4 4 6 5 12 7 6 7 5 4 0 1 1 2 1 0 0 0 0 0 1 2 4 4 5 7 5 4 4 5 4 2 7 3 2 4 5 4 4 6 12 5 6 4 3 3 2 0 0 1 1 0 1 1 1 1 0 2 2 1 4 2 1 2 1 2 3 5 5 6 4 18 6 11 12 8 6 5 2 2 3 4 5 11 10 8 8 12 11 19 13 11 12 9 11 4 4 2 3 1 3 1 4 3 7 5 6 5 6 10 4 2 4 4 2 6 2 1 3 4 1 3 7 2 2 4 2 0 0 0 0 0 2 1 3 2 4 6 4 4 4 9 2 5 4 2 0 0 0 0 0 0 0 0 2 2 2 4 4 9 3 3 3 1 0 0 1 0 1 4 2 2 1 3 4 3 20 
25 6 7 6 10 9 6 8 5 9 10 8 5 11 8 5 7 3 5 3 1 12 2 1 3 4 5 9 5 4 4 4 8 2 1 2 2 1 0 0 0 0 0 1 2 4 4 5 5 3 5 6 6 3 10 17 4 8 4 6 5 6 8 5 6 5 3 2 1 1 1 0 0 0 0 1 0 0 2 2 1 6 3 5 4 4 2 3 0 1 1 3 5 4 10 2 2 6 4 4 7 3 2 3 7 6 8 6 6 6 5 10 15 8 7 5 4 5 2 3 3 2 2 3 2 3 4 8 4 7 4 5 11 3 3 4 7 3 5 5 3 4 3 4 3 4 2 2 2 1 1 0 0 0 0 0 1 2 1 4 5 8 5 5 7 3 4 3 2 1 0 0 0 0 0 2 0 3 4 7 8 7 19 8 6 3 7 2 1 1 0 0 1 1 2 1 4 3 2 18 
21 6 7 8 7 7 8 9 9 5 27 11 8 15 11 6 7 8 7 5 3 12 6 6 5 2 3 6 3 4 2 6 8 5 5 2 1 1 1 0 0 0 0 1 2 4 3 3 6 2 3 4 5 3 5 8 4 4 5 4 8 6 8 21 10 12 4 8 6 2 3 1 1 0 0 0 1 1 1 4 2 6 4 3 8 5 3 2 1 2 0 2 4 1 8 6 5 7 8 1 2 4 5 5 6 3 9 8 8 8 8 7 7 6 6 8 6 9 4 4 3 4 3 5 3 3 3 9 3 5 4 2 10 5 5 4 13 6 10 3 4 4 2 1 1 3 1 4 1 1 2 0 0 0 0 0 1 1 2 3 4 7 8 6 5 4 1 2 0 2 0 0 0 0 0 0 1 1 1 1 3 2 6 1 2 3 0 1 1 0 0 0 0 1 1 2 0 1 3 15 
26 4 5 7 14 26 11 8 15 8 15 16 11 17 13 11 9 8 12 10 11 21 9 3 8 5 4 9 2 4 2 6 7 4 1 3 2 2 1 0 0 1 1 1 2 1 1 5 5 3 4 4 3 2 3 6 3 4 5 3 3 4 2 6 3 4 6 3 3 2 3 1 2 0 0 1 0 1 3 3 5 8 6 11 9 3 6 4 4 3 2 1 2 1 6 5 7 2 5 3 1 5 2 1 5 3 6 7 8 4 6 7 5 4 4 5 4 7 2 1 3 5 3 8 1 1 4 7 3 3 3 2 8 1 6 6 6 6 7 5 4 2 4 2 1 3 3 3 3 2 1 0 0 0 0 2 1 3 8 7 7 23 13 8 9 10 6 4 2 2 0 0 0 0 0 0 0 1 0 3 4 3 6 3 1 3 2 1 1 0 0 0 0 0 1 1 0 1 2 8 
56 10 10 10 6 9 10 7 5 5 10 4 3 12 6 6 8 8 5 3 6 10 3 3 3 6 6 6 6 6 9 4 25 8 8 6 4 4 1 1 1 3 3 4 3 4 3 6 3 5 3 4 1 2 5 7 2 5 3 5 4 3 1 6 3 4 5 3 6 2 3 2 1 1 0 0 0 1 2 6 6 7 3 12 13 8 2 5 2 1 2 2 2 4 6 2 4 5 1 2 3 6 4 2 6 2 6 4 8 3 10 7 14 9 10 8 8 23 8 5 5 5 6 7 2 2 1 2 2 3 3 3 6 5 2 6 10 3 10 6 2 6 4 4 2 6 1 3 3 2 0 1 0 0 0 0 1 3 2 7 8 11 11 10 21 9 7 5 5 3 2 1 0 0 0 0 0 1 1 1 2 1 5 1 2 1 2 1 1 0 0 0 0 0 0 1 1 1 1 8 
20 6 7 3 2 8 4 5 4 6 11 6 7 11 11 6 8 12 5 6 5 9 4 5 4 6 3 4 2 3 2 2 5 3 1 2 0 1 1 2 2 4 2 2 1 3 3 6 4 2 3 4 3 3 4 3 3 5 3 5 4 2 3 6 1 3 3 5 5 3 2 4 2 1 1 0 2 4 5 11 8 17 17 24 14 8 8 7 6 5 2 1 0 5 7 4 5 3 6 5 5 5 6 5 8 5 5 6 4 4 6 3 3 3 5 5 5 8 6 4 5 4 2 7 3 3 1 5 0 1 4 3 8 5 7 11 13 8 8 9 3 3 7 4 3 3 0 5 3 1 2 2 1 0 0 1 2 1 4 3 5 9 3 7 12 4 4 3 2 2 0 0 0 0 0 0 0 1 2 0 2 1 4 1 0 1 2 1 0 0 0 0 0 0 0 0 0 1 0 4 
27 5 5 10 6 4 4 6 6 9 12 9 6 14 26 10 9 10 8 5 9 11 6 3 5 2 2 4 3 1 3 1 8 3 3 1 0 2 2 2 3 5 2 4 5 3 5 10 4 3 3 0 1 1 4 7 8 5 6 2 0 3 2 5 3 2 6 2 6 1 2 3 3 0 0 1 4 5 7 9 8 20 13 15 15 13 5 7 5 2 1 1 0 4 2 2 4 6 14 6 4 7 6 9 16 4 4 7 4 6 10 4 4 1 6 3 3 7 4 4 6 3 4 7 3 1 3 3 0 1 1 4 5 3 8 6 12 7 20 8 3 5 5 5 4 6 4 2 1 1 2 1 1 0 0 0 1 1 3 0 2 9 5 4 8 3 1 2 0 1 0 0 0 0 0 0 0 0 0 2 1 2 1 1 0 2 0 0 0 0 0 0 0 0 0 0 0 0 0 1 
31 4 6 10 9 8 3 4 3 2 7 6 7 11 12 7 6 10 8 5 7 10 7 5 3 2 2 2 0 1 2 1 5 3 1 2 0 3 1 2 2 7 6 3 7 7 9 21 10 5 5 4 4 5 2 4 7 12 4 3 5 4 4 5 4 9 8 7 16 7 6 5 3 3 2 2 2 4 6 9 11 18 11 14 21 10 7 6 8 1 3 4 2 3 6 7 10 6 20 15 13 8 5 4 11 7 9 7 7 3 20 8 11 8 7 7 5 7 4 7 6 9 9 25 8 5 5 4 5 1 1 3 4 5 6 4 8 8 8 5 3 5 1 4 2 3 2 8 1 4 2 1 0 0 0 0 0 1 2 4 2 7 4 6 7 4 3 1 1 1 1 0 0 0 0 0 0 0 0 0 1 1 2 0 0 0 0 0 0 0 0 0 0 0 0 0 0 0 0 0 
37 9 8 5 9 7 1 1 2 2 4 3 5 9 8 7 9 12 12 10 11 23 7 6 2 7 4 3 0 1 2 1 3 2 2 3 2 2 1 3 4 11 3 4 2 4 6 7 4 1 3 5 4 4 2 9 8 10 8 7 3 4 3 5 2 1 2 3 8 2 4 0 2 0 0 1 2 1 3 4 6 6 8 10 16 8 6 4 3 2 1 0 3 3 4 4 7 5 10 5 5 4 8 4 13 6 4 4 4 3 7 3 3 2 4 2 4 6 2 3 5 4 4 7 4 2 3 1 0 0 2 2 2 4 9 2 9 4 7 4 4 4 3 3 3 0 4 8 4 2 2 0 2 1 0 0 0 0 1 3 4 7 5 8 9 5 3 1 1 1 0 0 0 0 0 0 0 0 0 0 0 0 1 0 0 0 0 0 0 0 0 0 0 0 0 0 0 0 0 1 
40 8 13 9 2 4 3 0 1 0 3 1 3 4 9 8 5 6 11 7 7 6 5 3 4 1 0 1 0 1 1 2 2 1 0 1 3 1 1 2 5 5 6 7 7 5 4 5 1 3 3 3 5 4 8 9 8 13 8 4 7 4 4 3 2 3 1 4 3 2 2 2 1 2 0 0 1 0 3 2 7 11 5 9 9 4 4 4 2 1 2 0 3 1 3 6 7 8 5 7 7 4 4 5 10 5 6 4 5 1 5 3 2 4 3 1 0 1 3 4 5 3 2 9 0 4 3 0 1 0 2 2 3 3 7 5 9 4 6 4 5 5 8 6 9 9 7 16 2 7 1 4 4 1 2 0 0 0 1 3 2 3 6 13 4 3 1 1 1 0 0 0 0 0 0 0 0 0 0 0 0 0 0 0 0 0 0 0 0 0 0 0 0 0 0 0 1 0 0 4 
48 7 5 13 5 6 2 1 1 1 2 2 2 5 8 6 6 13 8 5 4 12 4 3 3 1 2 0 0 0 0 0 1 0 0 2 5 4 7 6 10 21 11 14 6 9 9 8 2 1 2 2 3 5 11 7 19 22 13 14 12 6 7 4 1 3 3 1 6 5 1 3 2 0 1 0 0 1 1 3 2 7 4 7 10 6 5 2 0 1 2 0 2 4 2 7 10 6 7 3 3 8 4 2 8 5 7 3 2 4 5 3 0 2 1 1 1 4 1 1 2 1 3 5 1 2 2 2 2 3 2 3 1 5 9 9 8 6 7 5 2 3 6 3 6 6 4 9 3 3 2 2 0 0 0 0 0 0 1 2 4 4 5 9 5 2 3 4 1 1 0 0 0 0 0 0 0 0 0 0 0 0 0 0 0 0 0 0 0 0 0 0 0 0 0 1 1 2 2 3 
52 15 13 14 9 6 9 1 1 0 0 1 4 3 5 6 7 13 11 4 7 7 4 3 2 2 2 1 0 0 0 0 2 1 0 0 0 2 3 4 5 12 9 11 5 4 4 2 2 1 4 2 3 3 9 4 13 6 10 6 7 2 4 0 1 3 3 2 3 5 4 2 3 1 0 1 0 1 0 2 2 4 2 4 8 2 1 2 0 3 2 3 4 5 8 6 18 11 9 7 2 8 3 6 8 4 3 4 1 5 2 2 0 2 1 1 0 1 1 1 1 0 3 7 1 1 3 2 2 0 2 1 2 3 9 5 11 5 12 3 5 1 5 4 9 1 6 7 6 3 1 1 1 1 0 0 0 0 2 3 5 6 8 11 7 4 5 3 3 1 0 0 0 0 0 0 0 0 0 0 0 0 0 0 0 0 0 0 0 0 0 0 0 0 1 1 3 2 1 8 
79 22 18 15 7 13 8 2 1 2 2 4 5 2 12 8 10 23 13 11 6 11 8 3 3 1 0 0 0 0 1 1 0 4 0 1 2 6 4 4 8 9 8 9 7 5 2 4 3 2 2 3 6 7 11 11 22 18 23 11 9 8 9 6 3 3 1 2 3 7 4 2 4 2 1 0 0 1 1 1 1 1 1 0 3 0 0 0 0 0 1 1 3 3 6 1 5 4 7 6 3 6 3 3 5 3 3 4 3 2 3 1 0 0 0 0 0 0 0 0 1 0 1 2 0 2 1 1 1 2 2 2 5 4 10 6 7 3 6 5 4 3 4 7 10 6 5 5 3 5 1 1 2 1 0 0 0 1 1 2 4 4 6 12 5 6 3 5 3 1 0 0 0 0 0 0 0 0 0 0 0 0 0 0 0 0 0 0 0 0 0 0 0 1 1 2 1 3 1 10 
91 11 18 29 13 16 10 5 4 4 2 2 6 2 9 11 8 13 16 11 10 9 10 2 4 2 0 0 0 1 2 1 1 1 2 1 2 4 4 6 10 8 6 8 5 3 5 4 1 0 2 3 1 4 5 6 13 9 12 9 9 5 3 1 2 2 2 1 3 4 3 3 1 3 3 5 0 2 0 0 0 1 1 0 2 1 1 1 0 0 0 1 2 2 1 4 7 3 7 2 4 5 2 4 12 4 4 1 2 1 2 0 1 1 0 0 0 0 0 0 1 1 1 4 0 0 1 0 2 5 2 3 7 10 15 6 10 9 12 7 6 6 5 5 11 6 5 6 1 2 2 1 1 0 0 0 1 2 1 4 4 10 12 20 10 9 5 4 2 3 1 0 0 0 0 0 0 0 0 0 0 0 0 0 0 0 0 0 0 0 0 0 0 1 0 2 2 2 3 17 
66 14 12 10 11 8 6 5 3 3 2 3 2 3 7 6 5 12 12 5 2 5 3 1 1 0 0 0 1 0 1 3 3 3 1 4 5 5 5 7 9 6 8 11 4 4 2 4 2 0 1 0 2 5 7 8 10 5 12 5 6 1 3 2 3 1 3 2 4 7 3 4 4 2 3 5 0 1 1 2 0 0 0 0 1 0 0 0 0 0 0 0 0 0 2 1 3 2 1 7 7 4 8 4 15 7 7 6 4 3 3 0 0 0 0 0 0 0 0 0 0 0 0 1 0 0 0 0 1 1 1 0 3 6 11 4 4 5 9 9 10 10 8 16 19 15 10 6 4 5 5 1 0 0 0 0 1 3 5 4 8 11 9 16 10 9 6 7 5 1 2 0 0 0 0 0 0 0 0 0 0 0 0 0 0 0 0 0 0 0 0 0 0 1 1 2 2 4 2 20 
87 21 21 18 15 10 15 4 4 2 2 2 3 3 3 6 5 4 10 3 6 2 5 3 1 1 1 0 0 3 2 2 5 10 3 7 3 6 7 13 9 9 11 20 8 9 5 4 4 2 2 0 0 4 6 5 11 9 9 5 4 2 3 0 1 2 0 1 3 9 3 5 5 7 2 6 2 3 2 2 0 1 0 0 0 0 0 0 0 0 0 0 1 0 1 0 5 1 3 3 2 2 4 3 8 6 5 4 1 6 1 0 1 0 0 0 1 0 0 0 0 0 0 0 0 0 0 0 1 2 1 4 3 5 10 5 10 6 26 9 9 10 9 16 12 8 4 8 2 2 4 0 0 0 0 0 0 1 2 4 6 6 5 11 3 6 4 4 1 1 0 0 0 0 0 0 0 0 0 0 0 0 0 0 0 0 0 0 0 2 0 0 2 2 3 4 6 9 7 44 
58 13 12 23 10 11 12 5 3 3 2 2 1 1 3 2 2 7 8 9 2 4 6 1 3 2 0 1 1 2 6 5 7 12 8 15 10 9 5 12 18 12 12 12 9 3 4 2 1 1 0 1 1 5 4 7 9 7 7 6 2 4 2 4 2 4 6 6 9 18 15 8 10 7 6 5 2 3 2 3 1 0 0 0 0 0 0 0 0 0 0 0 0 1 1 1 4 1 1 2 2 4 3 5 6 4 7 5 2 4 3 0 2 0 1 1 0 0 0 1 0 0 0 0 0 0 0 0 0 1 2 1 2 3 8 6 6 4 9 8 11 8 9 12 7 5 5 6 6 3 3 2 1 0 0 0 0 0 3 4 4 4 4 11 5 3 6 5 4 1 0 0 0 0 0 0 0 0 0 0 0 0 0 0 0 0 0 1 0 2 0 1 0 1 1 0 0 0 3 20 
48 11 7 12 10 7 20 8 10 6 4 3 1 2 2 0 2 6 6 4 2 4 3 1 1 2 3 0 4 3 2 6 5 15 9 13 8 6 10 8 12 9 8 11 7 3 2 3 2 0 0 1 2 2 3 7 5 4 5 2 1 1 0 1 1 1 2 3 4 7 9 9 5 2 3 2 5 2 1 1 1 0 0 0 0 0 0 0 0 0 0 0 0 0 0 1 0 1 2 3 2 4 3 6 8 8 6 3 3 7 8 2 2 4 2 2 3 0 1 2 0 0 0 0 0 0 0 0 0 1 1 1 1 5 2 2 3 6 9 8 9 10 5 18 13 8 5 6 3 5 4 2 2 1 1 0 0 0 1 4 3 4 5 10 3 5 8 9 3 4 0 1 0 0 0 0 0 0 0 0 0 0 0 0 0 0 1 2 0 3 2 2 1 1 0 1 1 4 1 23 
33 8 9 11 7 8 7 3 3 2 2 1 0 2 2 1 2 3 6 3 4 5 10 4 3 1 2 5 5 7 7 9 14 29 12 7 9 8 11 12 10 6 6 3 3 2 0 2 0 2 0 2 3 3 2 9 4 4 6 2 1 2 0 1 1 1 3 3 6 13 8 7 13 9 7 18 8 3 5 4 2 1 1 0 0 0 0 0 0 0 0 0 0 0 0 0 0 0 0 0 2 3 4 2 6 15 9 3 10 8 7 1 4 5 4 1 3 3 1 2 1 0 0 0 0 0 0 0 0 0 1 1 1 2 5 4 4 5 6 5 9 16 16 25 15 10 5 9 9 5 6 2 1 1 2 1 0 0 0 3 0 4 3 10 8 6 5 7 3 3 3 2 1 0 0 0 0 0 0 0 0 0 0 0 1 1 0 2 1 0 1 3 1 2 1 0 0 3 3 14 
28 6 4 5 6 4 2 0 2 2 1 2 0 1 0 1 2 4 3 2 4 4 10 4 1 1 1 3 4 5 2 10 8 18 10 11 5 7 8 7 9 4 2 7 2 2 3 1 1 0 0 0 2 3 3 6 5 3 5 2 2 1 0 1 1 2 4 2 5 10 12 6 8 4 4 11 3 3 3 2 0 1 0 0 0 0 0 0 0 2 0 0 0 0 0 0 0 0 0 1 1 0 3 3 7 6 9 8 6 10 9 6 3 4 6 2 6 3 0 1 2 1 0 0 0 0 0 0 0 0 0 0 0 2 3 3 2 5 5 3 5 7 12 16 8 7 9 4 5 3 5 0 3 3 2 0 0 0 0 1 3 3 4 7 6 7 8 5 5 4 0 3 1 0 0 0 0 0 0 0 0 0 0 0 1 0 2 1 0 6 3 3 2 1 1 1 1 1 2 8 
19 3 5 5 4 5 2 3 1 1 3 2 1 3 2 2 3 3 7 5 8 10 16 7 5 6 6 4 7 7 5 7 7 20 10 20 6 15 6 5 8 2 1 4 1 1 1 1 0 0 1 2 3 4 3 8 5 4 1 1 0 0 0 0 2 2 2 4 1 7 9 8 9 11 5 4 2 3 3 3 0 0 0 0 0 0 0 1 0 2 1 1 1 0 0 0 0 0 4 1 5 2 7 3 7 18 12 9 7 14 14 7 5 6 4 1 7 2 0 2 3 2 1 0 0 0 0 0 0 0 0 0 0 0 2 1 1 3 9 2 7 11 10 20 14 11 10 6 8 7 5 2 1 2 1 1 1 0 0 0 0 2 3 6 4 6 9 11 5 3 3 3 2 0 0 0 0 0 0 0 0 0 0 1 0 1 1 2 1 10 4 3 1 1 1 1 2 1 1 7 
8 3 2 5 3 0 4 2 3 2 3 2 2 5 1 1 3 3 1 1 3 2 6 3 3 1 2 2 1 6 7 11 6 19 11 18 9 12 7 2 4 3 4 2 2 0 1 0 1 0 4 4 5 6 2 21 8 5 6 4 3 1 1 0 1 2 2 5 3 8 6 4 9 8 3 8 3 1 3 2 0 1 0 0 0 1 1 1 1 2 1 0 1 0 0 0 0 1 3 0 3 4 2 4 4 9 6 10 12 18 17 9 10 6 8 9 13 7 2 2 2 1 1 0 0 0 0 0 0 0 0 0 0 0 0 1 0 2 4 1 4 7 6 12 10 10 8 6 7 11 19 7 7 5 5 2 3 1 0 0 0 1 4 5 2 2 10 13 5 5 4 3 0 1 0 0 0 0 0 0 0 0 0 0 1 2 1 5 3 7 3 3 3 2 0 1 1 1 1 3 
16 1 2 1 2 1 4 2 1 3 1 1 2 4 1 3 3 1 2 3 4 2 3 2 2 1 2 1 3 2 4 5 8 11 8 10 7 7 6 2 2 2 1 2 0 0 0 0 0 0 0 3 2 2 3 8 5 2 2 1 2 0 0 0 0 1 2 4 6 7 14 7 14 6 3 7 4 2 3 1 0 0 0 0 1 2 1 1 1 5 2 2 2 0 0 2 1 2 6 2 5 5 2 5 7 14 7 14 10 23 15 7 10 10 10 9 17 4 6 5 3 5 1 2 0 0 0 0 0 0 0 0 0 0 0 0 0 0 2 3 4 4 4 7 5 7 3 5 3 6 12 3 7 3 4 4 1 0 0 0 5 5 9 8 13 10 18 18 16 6 7 8 7 6 1 0 0 0 0 0 0 0 0 0 5 2 5 5 8 25 6 6 5 2 3 2 0 0 0 2 
11 0 1 0 2 0 2 1 1 2 1 1 0 7 2 3 3 4 3 3 2 4 4 4 2 3 0 1 2 2 3 3 6 9 6 9 3 3 3 2 1 0 0 0 0 0 0 0 0 0 1 2 2 5 4 3 0 3 0 0 2 1 0 2 3 2 3 3 7 6 21 11 12 9 8 10 4 1 1 1 0 0 0 1 1 2 2 2 2 3 3 1 2 1 1 3 3 3 8 5 5 2 4 3 4 7 4 6 4 9 6 5 3 7 5 7 5 5 3 1 3 1 0 0 0 0 0 0 0 0 0 0 0 0 0 0 1 1 4 1 4 4 4 3 3 3 2 7 4 5 7 4 6 5 1 2 2 0 0 0 1 2 2 5 5 7 11 12 5 7 2 1 3 1 0 0 0 0 0 0 0 0 0 0 0 1 2 1 4 7 3 0 3 1 1 1 0 0 0 0 
9 3 4 1 1 1 1 0 1 1 1 4 2 7 3 3 2 2 2 2 2 1 2 2 2 1 0 1 1 2 4 5 3 4 4 4 3 3 2 2 1 0 0 0 0 0 0 0 0 0 2 2 1 0 1 4 2 4 1 1 2 0 0 0 1 2 3 6 6 11 14 10 21 13 5 6 7 4 2 1 1 0 0 1 0 2 0 4 2 7 3 1 2 2 1 3 2 4 8 2 9 6 8 5 4 10 3 5 8 11 8 6 8 6 5 2 5 3 4 2 1 2 0 0 0 0 0 0 0 0 0 0 0 0 1 0 1 2 4 2 3 4 3 7 3 3 3 4 5 6 10 4 8 5 4 2 1 0 1 0 0 2 2 4 6 4 8 10 7 3 4 3 2 0 0 0 0 0 0 0 0 0 0 0 1 1 3 4 3 7 3 1 3 2 0 1 0 0 0 0 
14 2 2 2 2 1 2 0 5 6 7 7 10 19 4 3 4 2 2 3 2 2 1 1 2 1 1 0 0 1 2 2 2 5 2 3 1 2 1 1 1 0 0 0 0 0 0 0 0 0 0 1 2 3 1 1 1 1 1 2 0 0 0 0 1 2 1 2 6 6 9 6 12 5 5 3 3 3 2 2 2 1 0 0 1 1 3 3 3 12 0 3 4 3 5 3 4 7 6 8 11 4 4 4 4 6 1 3 5 11 10 4 6 6 2 4 7 3 2 1 2 0 1 0 0 0 0 0 0 0 0 0 0 1 2 2 1 1 3 3 2 1 2 3 2 3 4 4 3 3 9 3 7 5 2 3 2 2 1 0 1 1 2 5 3 5 8 7 5 4 2 2 2 0 0 0 0 0 0 0 0 0 0 1 2 1 0 1 3 6 2 3 2 1 1 0 0 0 0 0 
17 3 4 2 1 0 2 1 2 3 4 4 1 7 4 2 4 1 1 0 0 1 1 1 0 1 0 0 0 0 1 1 1 3 2 4 1 1 2 1 0 0 0 0 0 0 0 0 0 0 0 0 1 0 1 2 0 0 0 0 0 0 0 0 1 1 3 3 2 1 3 4 9 7 4 1 1 3 3 2 2 2 0 3 4 5 4 3 7 18 6 5 7 5 4 6 5 6 9 8 10 6 6 2 3 2 5 3 4 2 3 1 4 3 3 2 3 1 2 0 0 1 0 0 0 0 0 0 0 0 0 0 2 2 1 3 3 3 4 3 2 3 2 3 0 1 2 2 1 3 7 5 9 5 0 2 1 2 1 0 0 0 1 3 6 8 8 7 5 4 3 3 1 0 0 0 0 0 0 0 0 0 0 0 1 0 2 2 2 5 3 2 1 0 0 0 0 0 0 0 
50 4 9 4 6 0 2 1 3 5 6 3 4 5 5 3 2 3 2 0 0 0 2 0 0 0 0 0 0 0 0 0 0 1 0 1 1 1 0 0 0 0 0 0 0 0 0 0 0 0 0 0 1 0 1 1 1 0 0 0 0 0 0 0 0 0 1 3 4 3 6 3 10 5 3 5 3 8 2 2 2 2 2 2 2 3 1 2 4 6 4 5 7 6 5 7 13 19 18 13 22 13 9 8 4 4 3 2 1 5 4 3 1 0 2 1 1 2 1 2 1 0 0 0 0 0 0 0 0 0 0 1 2 3 2 1 6 4 9 3 3 2 0 3 0 1 1 4 3 5 8 7 24 11 5 5 4 1 1 1 1 1 3 2 5 4 4 7 3 5 2 0 0 0 0 0 0 0 0 0 0 0 0 0 0 1 2 2 1 3 1 2 1 0 0 0 0 0 0 0 
17 2 0 2 2 2 3 0 3 4 7 2 2 7 3 4 1 1 0 0 0 0 0 0 0 0 0 0 0 0 0 0 0 0 0 2 0 0 0 0 0 0 1 0 0 0 0 0 0 0 0 0 0 0 0 1 0 0 0 0 0 0 0 0 0 0 0 1 2 2 7 3 8 3 4 3 4 4 3 1 3 2 1 2 3 1 2 1 3 4 3 3 3 4 4 5 4 9 8 3 9 3 6 4 2 2 1 2 0 2 3 1 1 2 0 1 1 0 0 1 0 0 1 0 0 0 0 0 0 0 0 2 3 2 5 5 11 5 8 6 5 3 2 3 1 0 0 1 1 3 5 1 7 4 1 2 3 1 1 1 1 2 3 4 3 6 5 4 1 3 3 0 0 0 0 1 0 0 0 1 0 0 0 0 0 0 0 1 0 2 0 0 1 0 0 0 0 0 0 0 
14 1 3 2 1 3 1 1 2 2 10 5 4 5 3 1 2 2 0 0 0 0 0 0 0 0 0 0 0 0 0 0 0 0 0 0 0 0 0 0 1 1 3 1 1 0 0 0 0 0 0 0 0 0 0 0 0 0 0 0 0 0 0 0 0 0 0 0 1 3 2 3 6 2 4 5 3 9 4 3 4 2 0 4 3 3 3 3 0 2 3 2 3 3 3 4 6 8 11 9 6 5 5 3 3 2 2 0 2 2 4 1 0 1 0 0 1 0 0 0 0 1 1 0 1 0 0 0 0 0 0 3 4 7 9 10 12 14 25 12 7 7 5 4 5 2 1 1 1 1 4 5 6 3 2 1 1 0 1 1 1 2 2 3 2 6 5 4 3 2 1 1 0 1 1 4 2 0 2 3 0 0 0 0 0 0 0 0 0 1 0 0 0 0 0 0 0 0 0 0 
16 1 3 2 1 1 3 3 2 2 7 3 4 6 2 4 2 1 0 0 0 0 0 0 0 0 0 0 0 0 0 0 0 0 0 0 0 0 1 2 2 2 2 1 1 1 0 0 0 0 0 0 1 0 0 0 0 0 0 0 0 0 0 0 0 0 0 0 0 1 4 1 7 2 6 6 7 18 5 8 8 2 6 4 4 4 2 2 2 6 1 3 4 4 6 5 5 6 5 4 12 2 4 2 2 1 2 1 1 3 4 3 2 0 1 0 0 1 1 1 1 0 3 1 2 0 1 0 0 0 0 0 1 5 4 6 11 7 8 6 6 3 5 1 0 1 1 2 1 1 2 3 7 2 2 1 0 1 1 0 1 2 1 2 4 7 1 1 1 1 1 0 2 1 1 4 0 3 1 6 2 1 2 1 0 0 0 0 0 0 0 0 0 0 0 0 0 0 0 0 
10 0 1 1 5 3 5 4 4 9 24 8 6 10 8 4 3 2 0 0 0 0 0 0 0 0 0 0 0 0 0 0 0 0 0 0 0 0 0 0 1 1 1 2 1 0 0 1 0 1 1 1 3 1 1 0 0 0 0 0 0 0 0 0 0 0 0 0 0 0 0 1 2 2 3 4 3 7 4 3 3 4 2 4 1 4 4 2 2 6 2 1 3 2 3 3 2 9 9 5 7 4 6 3 0 2 1 2 3 3 4 1 3 2 2 2 0 3 1 4 2 1 4 1 0 2 0 1 0 2 3 2 2 10 9 10 25 15 13 12 8 8 10 5 0 2 2 3 1 1 1 1 6 1 0 1 1 0 1 2 3 6 6 6 5 16 4 5 4 5 2 5 4 1 4 7 2 2 3 4 2 3 3 1 0 0 0 0 0 0 0 0 0 0 0 0 0 0 0 0 
3 1 0 0 2 0 1 2 2 3 8 5 3 6 2 1 0 1 1 0 0 0 0 0 0 0 0 0 0 0 0 0 0 0 0 0 1 0 2 0 2 3 5 2 2 1 2 1 0 1 2 1 1 1 0 2 1 0 0 0 0 0 0 0 0 0 0 0 0 0 0 1 1 1 2 5 0 5 2 4 2 1 4 3 2 3 4 2 2 1 0 1 0 3 4 3 2 10 4 2 7 3 0 2 0 2 2 3 2 0 6 3 2 3 4 0 1 5 3 1 3 2 4 2 3 2 0 1 0 0 0 1 2 4 5 8 17 7 12 8 5 4 7 2 2 2 1 1 2 2 1 0 3 0 2 1 1 0 0 1 2 3 4 3 3 5 3 1 2 3 4 3 3 2 4 8 2 2 2 10 2 2 1 2 0 1 0 0 0 0 0 0 0 0 0 0 0 0 0 0 
1 0 0 0 0 0 2 2 3 1 12 4 3 3 7 2 4 1 0 0 0 0 0 0 0 0 0 0 0 0 0 0 0 0 0 0 0 1 1 2 5 3 7 2 0 3 2 2 1 1 2 0 4 1 1 2 1 0 0 0 0 0 0 0 0 0 0 0 0 0 0 1 1 2 2 3 0 5 3 4 4 6 5 6 2 2 3 1 0 2 0 0 1 1 3 1 1 7 4 4 3 5 2 2 1 1 1 4 2 2 7 2 6 3 3 4 3 7 2 5 4 5 8 3 2 2 1 1 0 0 1 1 4 5 7 6 6 5 14 7 5 7 7 4 3 1 2 2 0 0 0 1 1 1 1 1 0 0 0 0 1 0 1 3 2 6 2 3 2 0 1 3 2 4 1 6 3 4 5 8 2 3 1 1 1 1 0 0 0 0 0 0 0 0 0 0 0 0 0 0 
1 0 0 0 1 1 1 1 2 3 10 5 3 3 7 2 3 3 1 1 1 0 0 0 0 0 0 0 0 0 0 0 0 0 0 0 1 1 1 3 2 1 9 5 3 2 2 3 3 2 1 2 6 2 4 1 1 2 1 0 0 0 0 0 0 0 0 0 0 0 0 0 1 1 1 2 3 5 6 4 3 4 11 24 6 3 4 5 1 2 1 2 1 2 6 3 5 22 9 9 5 4 2 4 3 4 8 4 8 10 22 5 7 7 5 6 7 6 9 6 5 5 11 3 1 1 1 1 0 0 2 3 4 4 8 9 14 8 11 11 8 8 20 7 8 5 3 4 1 1 0 0 1 0 0 0 0 0 0 1 1 1 1 3 4 2 1 3 3 2 0 1 1 1 3 6 2 5 5 6 5 4 1 1 0 0 0 0 0 0 0 0 0 0 0 0 0 0 0 1 
0 0 0 0 0 0 1 2 2 5 4 3 4 4 7 5 2 1 0 2 1 0 0 0 0 0 0 0 0 0 0 0 0 0 0 1 2 5 6 6 8 6 23 6 3 5 4 5 2 2 4 4 6 2 3 4 2 1 0 1 0 0 0 0 0 0 0 0 0 0 0 0 0 1 0 0 0 5 1 2 3 4 5 7 4 1 2 1 1 0 0 0 2 1 3 2 5 8 3 4 3 2 1 1 1 1 2 1 4 3 9 2 3 4 4 6 4 9 5 8 10 5 17 5 4 1 3 4 2 3 2 6 4 9 9 12 19 11 10 12 11 7 6 2 3 3 1 2 1 0 0 0 0 0 0 0 0 0 0 0 1 0 1 1 3 3 1 2 3 1 4 4 5 5 11 18 13 10 12 24 10 8 5 2 2 2 2 0 0 0 0 0 0 0 0 0 1 1 1 1 
0 0 0 0 0 0 0 0 2 2 3 4 5 5 5 3 1 2 2 1 1 0 0 0 0 0 0 0 0 0 0 1 0 0 0 0 1 1 1 2 0 2 9 4 2 4 4 1 1 4 0 3 6 2 2 2 1 1 1 0 1 0 0 2 0 0 0 0 0 0 0 0 0 0 0 0 0 3 1 3 2 3 2 7 2 1 1 3 1 0 0 0 1 2 0 4 5 6 3 1 3 2 1 0 1 2 0 2 1 2 4 5 1 3 5 5 7 8 10 7 6 7 9 3 1 3 3 2 1 1 4 6 4 6 9 6 13 6 7 6 6 3 9 1 3 0 1 1 1 0 0 0 0 0 0 0 0 0 0 0 0 0 2 2 0 4 2 0 3 0 0 2 3 2 5 11 5 6 3 9 5 3 3 1 2 0 0 0 0 0 0 0 0 0 0 0 2 1 2 8 
0 0 0 0 0 0 0 1 2 5 9 7 6 8 18 8 8 6 5 4 3 1 0 0 0 0 0 0 1 0 0 3 1 2 1 0 2 2 2 3 5 2 8 3 3 4 3 5 2 5 8 10 15 5 5 6 6 4 3 6 2 2 1 2 1 1 1 0 0 0 0 0 0 0 0 0 0 1 2 3 1 4 2 7 1 2 0 2 1 1 0 1 0 3 0 1 1 3 3 4 2 2 0 0 1 1 1 5 1 4 4 6 7 4 7 10 9 20 18 12 11 11 10 5 5 2 3 0 2 0 4 5 9 8 9 3 14 8 5 4 4 4 6 2 2 2 1 0 0 0 0 0 0 0 0 0 0 0 0 0 0 0 1 0 0 5 1 1 2 2 1 1 1 4 5 11 6 6 4 8 6 2 3 2 0 1 0 0 0 0 0 0 0 0 0 1 3 1 1 6 
0 0 0 0 0 0 0 0 0 0 3 1 3 2 6 3 2 2 3 1 0 0 0 0 0 0 0 1 1 1 1 1 1 3 2 0 6 2 4 5 3 2 7 2 4 4 1 2 3 2 1 5 9 2 3 2 2 2 1 5 1 2 2 5 1 2 1 1 0 0 0 0 0 0 0 0 0 0 1 0 2 0 1 6 2 2 1 0 1 0 0 0 1 0 2 2 1 3 2 1 1 1 1 0 0 1 2 2 4 1 6 3 3 4 4 7 10 15 11 11 11 5 10 3 4 2 1 1 4 2 4 7 7 5 11 7 12 5 7 3 3 4 6 1 2 0 2 0 0 0 0 0 0 0 0 0 0 0 0 0 0 1 2 1 2 7 1 2 4 0 2 4 2 2 4 6 4 3 4 6 3 1 2 0 1 0 0 0 0 0 0 0 0 1 1 3 2 2 3 15 
0 0 0 0 0 0 0 0 0 1 1 3 3 2 5 1 3 2 1 1 0 0 0 0 0 0 0 2 2 2 1 4 5 3 4 3 1 2 4 7 2 5 9 3 2 3 2 2 1 1 2 3 7 3 5 3 3 3 4 8 2 2 6 5 3 2 0 2 0 0 0 0 0 0 0 0 0 0 0 1 1 2 0 5 1 0 2 0 0 0 0 0 0 0 1 0 1 3 1 1 0 0 1 1 2 1 2 4 3 3 6 5 4 3 4 5 7 14 12 11 11 6 12 5 4 1 2 2 1 3 4 6 9 13 11 6 6 8 6 5 4 1 4 2 0 2 0 0 0 0 0 0 0 0 0 0 0 0 0 0 1 0 3 0 1 7 4 3 7 3 2 4 4 3 4 9 5 4 3 6 3 2 2 0 1 0 0 0 0 0 0 0 0 0 2 3 2 2 4 12 
0 0 0 0 0 0 0 0 1 1 1 1 2 2 5 1 1 1 2 0 0 0 0 0 0 0 2 1 3 3 1 8 1 6 4 3 7 4 4 4 5 3 8 4 2 3 2 2 2 0 3 0 7 3 4 4 3 6 3 12 3 5 5 7 0 3 2 2 0 0 0 0 0 0 0 0 0 0 0 0 0 1 0 2 0 1 1 0 0 0 0 0 0 0 1 1 1 1 0 1 1 0 2 1 1 1 2 4 4 4 3 1 6 6 3 9 13 19 31 16 16 12 12 7 8 6 2 1 3 6 7 7 11 14 17 10 11 8 6 3 1 1 3 1 1 0 0 0 0 0 0 0 0 0 0 0 0 0 0 1 1 3 3 2 2 7 4 4 5 4 4 1 3 2 1 2 4 3 1 2 2 2 1 1 0 0 0 0 0 0 0 0 0 1 2 1 1 3 2 13 
0 0 0 0 0 0 0 0 0 1 0 2 3 2 2 2 1 0 2 0 0 0 0 0 0 1 1 2 1 2 2 5 3 3 3 1 9 3 1 4 3 3 9 3 4 1 1 2 0 2 1 3 6 0 2 2 2 5 5 9 4 5 6 6 2 3 4 1 0 0 0 0 0 0 0 0 0 0 0 0 0 0 0 1 0 0 0 0 0 0 0 0 0 0 0 0 0 1 0 0 0 1 2 1 2 2 3 8 1 4 3 2 2 3 4 7 5 14 12 14 14 9 9 2 4 1 1 2 5 9 8 12 11 25 13 11 7 4 2 4 3 0 1 0 0 0 0 0 0 0 0 0 0 0 0 0 0 0 0 0 0 3 2 4 3 8 2 3 8 2 4 1 2 3 1 1 0 2 2 1 1 1 0 0 0 0 0 0 0 0 0 0 2 1 2 3 2 2 5 44 
0 0 0 0 0 0 0 0 0 0 1 2 1 1 5 1 1 2 0 0 0 0 0 0 0 0 0 0 2 4 2 9 7 3 7 5 9 5 4 6 6 6 7 3 2 2 1 0 1 0 1 1 2 3 4 6 7 5 6 22 12 10 6 9 4 7 3 1 1 1 0 0 0 0 0 0 0 0 0 0 0 0 0 0 0 0 0 0 0 0 0 0 0 0 0 0 0 0 0 0 0 1 0 2 2 4 3 8 3 0 2 1 1 2 4 6 8 10 10 11 16 5 8 8 6 2 1 0 1 3 2 4 9 7 10 5 6 2 2 1 1 0 0 0 0 0 0 0 0 0 0 0 0 0 0 0 0 0 0 1 1 0 4 2 4 6 6 4 8 5 4 2 1 0 1 0 0 0 0 1 0 0 0 0 0 0 0 0 0 0 0 0 0 1 2 2 2 3 2 20 
0 0 0 0 0 0 0 0 0 0 0 0 1 0 3 0 0 0 0 0 0 0 0 0 2 4 9 12 12 16 27 46 23 27 29 28 54 29 26 21 32 26 46 10 18 9 9 6 3 1 1 1 3 3 3 4 10 17 15 42 28 34 26 53 21 14 10 12 5 3 0 0 0 0 0 0 0 0 0 0 0 0 0 0 0 0 0 0 0 0 0 0 0 0 0 0 0 0 0 0 0 2 6 10 16 15 16 54 15 17 10 10 7 8 11 17 25 44 52 49 68 39 31 22 16 7 8 2 2 7 11 12 17 24 19 13 10 5 6 4 0 0 0 0 0 0 0 0 0 0 0 0 0 0 0 0 0 0 0 2 3 9 11 22 32 68 34 33 50 20 20 11 7 8 4 1 0 0 0 0 0 0 0 0 0 0 0 0 0 0 0 0 0 0 2 4 9 2 9 47 
