50
50
15 14 13 14 9 5 16 16 20 11 9 8 9 15 23 3 3 11 2 2 3 13 2 0 0 2 4 9 11 15 7 5 12 10 4 6 9 15 2 2 0 1 1 10 3 2 0 0 0 0 
16 4 4 3 5 2 5 7 4 3 2 2 15 10 6 1 2 4 2 0 1 2 1 0 0 2 1 1 2 1 0 0 2 6 1 0 1 2 2 4 1 0 0 2 1 0 0 0 0 0 
10 3 4 11 6 2 1 2 2 0 0 1 4 4 5 3 3 10 4 4 3 9 3 1 3 7 3 1 3 2 0 1 4 10 4 1 2 3 2 13 2 1 0 1 0 0 0 0 0 0 
10 1 4 5 3 10 2 3 0 0 1 1 5 3 8 3 2 3 1 0 0 2 1 0 1 3 0 0 1 0 1 1 4 3 1 0 1 3 1 1 1 0 0 0 0 2 0 0 0 0 
8 1 0 9 3 6 1 0 3 0 3 10 2 3 1 0 0 4 2 0 0 1 0 1 1 3 0 1 3 8 4 1 10 1 1 1 1 13 4 3 0 0 0 0 2 1 1 0 0 0 
18 1 2 6 2 7 2 1 6 0 4 11 11 3 1 2 0 0 2 2 0 2 1 4 3 11 3 2 0 5 1 1 0 1 0 1 3 11 2 2 0 0 0 1 3 12 1 1 0 0 
8 3 2 4 4 5 4 2 9 7 8 12 6 4 1 4 1 2 12 12 6 10 3 10 7 6 0 0 1 13 2 1 2 0 0 0 1 2 0 0 0 0 1 1 7 3 3 0 0 2 
12 4 11 13 11 5 4 5 3 2 4 8 15 9 6 12 2 1 3 2 0 1 2 2 2 2 0 0 0 1 1 0 0 0 0 0 0 1 2 0 0 0 0 1 3 2 0 0 1 4 
25 5 7 11 5 7 1 12 6 3 10 10 3 3 0 2 0 0 0 2 0 0 1 4 3 0 0 0 0 1 0 0 0 0 0 0 0 1 0 1 0 1 3 1 1 0 0 0 2 7 
13 3 5 4 1 4 2 6 1 2 6 10 17 4 1 1 0 0 0 1 1 1 3 7 2 2 4 3 0 0 0 2 1 0 0 0 1 1 8 2 2 2 8 2 1 0 0 0 0 4 
9 0 7 15 4 9 5 17 6 4 4 13 17 5 1 1 0 2 1 2 5 5 3 3 3 2 9 7 1 1 2 8 3 1 0 0 0 0 2 1 0 1 3 2 0 0 0 0 0 4 
23 5 3 2 1 8 5 9 12 7 3 15 14 15 14 5 1 3 3 11 13 10 9 6 4 4 14 10 5 0 0 2 1 0 0 4 1 0 0 0 2 2 11 2 1 0 0 0 0 3 
10 19 8 12 2 4 8 14 12 11 12 21 11 9 18 14 5 8 5 11 8 13 11 10 7 3 12 10 3 0 1 5 10 2 0 10 3 2 1 0 9 3 3 1 0 1 0 0 3 14 
25 14 4 2 1 2 4 3 7 1 2 6 23 15 3 2 0 5 6 13 11 10 12 4 3 2 6 8 3 0 0 1 1 0 1 1 1 0 0 1 3 0 1 0 1 2 0 0 1 8 
16 5 3 5 4 9 3 2 4 7 4 5 14 7 1 1 2 2 9 7 3 6 6 1 1 1 6 1 1 0 0 0 1 0 1 4 8 1 2 0 2 0 0 0 2 11 3 3 4 7 
10 6 5 8 0 4 3 1 2 2 8 8 12 5 1 0 0 1 5 6 2 3 9 3 1 2 10 2 0 0 0 0 0 1 0 1 3 1 0 0 0 0 0 0 0 2 0 0 2 3 
15 11 5 3 2 4 13 2 4 6 2 1 4 2 0 2 0 3 4 11 6 3 3 1 2 3 8 4 0 0 0 0 0 2 1 1 3 0 0 0 0 0 0 0 0 2 0 0 0 2 
5 4 3 1 0 3 11 6 9 13 5 5 1 0 0 2 1 0 3 11 4 0 0 0 0 1 2 1 2 1 0 2 3 10 2 7 3 2 0 0 0 0 0 0 0 0 0 0 0 0 
15 6 8 2 1 0 3 0 4 5 3 12 3 1 2 11 3 4 8 8 6 4 0 0 1 0 3 2 10 2 1 0 1 1 2 3 1 0 0 0 0 0 0 0 0 0 0 0 0 0 
14 6 3 0 0 0 1 1 4 3 5 11 10 3 2 5 1 1 1 7 1 0 0 0 0 1 0 0 1 1 0 0 0 1 0 1 0 0 0 0 0 0 0 0 0 0 0 0 0 0 
7 3 1 1 0 0 3 2 6 1 2 15 10 6 6 13 2 3 1 2 0 0 1 4 9 4 1 0 0 0 0 0 2 0 0 0 0 0 0 0 0 0 0 0 0 0 0 0 0 0 
11 1 3 1 10 7 5 2 3 1 0 1 6 1 3 1 3 10 1 1 0 0 2 2 13 2 0 0 0 0 0 0 4 1 0 0 0 0 0 0 0 0 0 0 0 0 0 0 0 0 
6 10 5 2 4 16 8 3 2 0 0 0 10 3 8 5 2 0 3 1 0 0 0 1 5 2 0 2 0 0 2 2 8 2 1 0 0 0 0 0 0 0 0 0 0 0 0 0 0 1 
1 2 3 0 1 3 1 1 0 0 0 1 13 11 4 2 0 2 8 3 0 2 3 8 3 3 1 5 1 0 0 1 2 0 0 0 0 0 0 0 0 0 0 1 0 0 1 0 0 4 
3 3 8 2 0 4 2 0 0 0 2 7 9 9 2 0 0 0 2 3 0 0 3 6 4 15 9 8 3 2 0 0 1 0 0 0 0 0 0 0 0 0 0 3 1 1 1 1 2 16 
3 1 3 1 3 11 3 1 0 0 3 7 6 4 4 0 0 0 0 3 3 2 9 3 2 2 1 4 1 0 0 0 0 0 0 0 0 0 0 0 0 1 2 9 1 2 8 3 3 3 
12 4 3 1 3 11 3 1 0 0 0 0 4 0 0 0 0 2 5 6 1 0 2 1 0 0 1 2 0 0 0 0 2 0 0 0 0 0 0 0 0 0 1 1 0 1 0 2 4 13 
18 4 1 0 1 5 1 0 0 1 0 1 7 0 0 0 0 0 2 4 1 0 2 0 0 0 0 0 0 0 0 0 1 1 0 0 0 0 0 0 0 0 0 1 0 0 2 0 1 3 
13 3 0 0 0 1 0 0 1 6 0 1 6 1 2 1 0 2 8 3 0 1 2 1 0 1 0 0 0 0 2 1 9 2 1 0 0 0 0 0 0 0 0 0 0 1 1 12 2 4 
6 0 0 0 0 0 0 0 3 9 4 0 2 2 1 3 3 2 1 0 2 5 8 1 0 2 1 0 0 2 2 1 1 1 0 1 0 0 0 0 0 0 0 0 0 0 0 2 2 1 
1 0 0 0 0 0 0 0 3 8 2 1 2 4 3 10 8 2 3 0 1 1 3 1 3 10 0 1 1 4 8 2 3 0 1 0 1 0 0 0 0 0 0 0 0 0 1 6 2 14 
0 0 0 0 0 0 0 0 1 3 0 1 2 12 2 2 1 1 0 1 2 9 4 0 0 3 0 1 0 8 6 2 0 0 3 12 2 2 0 0 0 0 0 0 0 3 2 12 3 2 
0 0 0 0 0 0 0 0 0 1 0 0 1 1 2 3 1 0 0 0 1 3 1 0 0 0 0 0 1 2 3 0 0 0 1 3 0 0 0 0 0 0 0 0 0 3 1 1 2 1 
3 1 0 2 0 0 0 0 0 0 0 0 0 2 3 6 3 2 0 0 0 2 1 0 0 0 0 0 0 1 0 0 0 0 0 1 0 0 0 0 0 0 0 1 3 11 1 4 3 1 
14 3 4 3 1 0 0 0 0 0 0 0 1 3 2 3 0 0 0 0 2 10 2 1 0 0 0 0 0 0 0 0 0 0 0 0 0 0 0 0 0 0 0 0 1 3 3 3 8 5 
8 4 8 9 3 2 0 0 0 0 0 1 3 10 4 1 0 0 0 0 1 2 0 0 3 0 0 0 1 0 0 0 0 0 0 0 0 0 1 0 0 0 0 0 0 1 2 2 11 7 
13 4 9 4 3 0 0 0 0 0 0 0 1 1 1 1 0 0 0 0 0 1 1 3 7 2 1 0 2 1 0 0 0 0 0 0 0 1 3 1 0 0 0 0 0 0 0 2 3 10 
2 1 7 2 0 0 0 0 0 0 0 1 1 3 8 3 1 0 0 0 0 0 0 1 3 0 1 2 7 3 0 0 0 0 0 0 0 3 12 4 1 0 0 0 0 0 0 0 1 2 
3 0 2 0 0 0 0 0 0 0 2 2 1 0 4 1 0 0 0 0 0 0 0 1 0 0 0 0 0 1 0 0 0 0 1 3 0 1 3 2 1 0 0 0 0 0 0 0 0 1 
4 1 0 0 0 0 0 0 1 5 12 9 2 2 1 0 0 0 1 0 1 0 1 3 7 0 2 0 1 0 0 3 0 0 2 5 2 2 4 11 3 2 0 0 0 0 0 0 0 0 
10 3 0 0 0 0 0 0 2 8 5 6 11 4 2 0 0 1 3 10 3 0 0 1 3 3 0 2 0 2 1 4 1 0 0 3 0 0 1 5 11 3 1 0 0 0 0 0 0 1 
3 0 0 0 0 0 0 0 1 1 1 4 4 1 0 0 0 0 0 1 1 0 1 3 3 0 2 3 1 3 4 9 6 4 0 2 1 0 0 2 3 1 0 0 0 0 0 0 0 3 
4 0 0 0 0 0 0 0 0 1 2 4 7 1 1 0 0 0 2 2 0 1 2 11 4 7 4 8 2 11 5 5 9 2 1 0 2 1 0 0 0 0 0 0 0 0 0 2 1 13 
3 0 0 0 0 0 0 0 0 0 0 1 3 1 0 0 4 0 8 0 1 0 1 4 0 2 2 2 2 1 0 3 2 1 1 1 10 3 5 0 0 0 0 0 0 0 0 0 1 1 
10 3 1 0 0 0 0 0 0 1 0 0 1 0 0 0 2 0 2 0 0 0 0 2 0 2 3 7 0 1 0 0 0 0 0 0 4 3 8 3 1 0 0 0 0 0 0 1 0 1 
4 1 0 0 0 0 0 0 0 1 1 0 0 0 2 0 8 2 1 0 0 0 0 0 0 0 1 1 1 0 0 0 0 0 0 0 0 1 0 0 0 0 0 0 0 0 0 3 1 0 
5 1 0 0 0 0 0 0 3 10 4 1 0 0 0 0 1 0 0 0 0 0 0 2 0 0 0 0 0 0 0 0 0 0 0 0 0 0 1 0 0 0 0 0 0 1 2 9 1 1 
13 5 3 2 1 3 1 0 1 1 0 0 1 0 0 2 2 0 0 0 0 0 0 3 1 0 0 0 0 0 0 0 0 0 0 0 0 0 0 0 0 0 2 0 0 0 1 1 1 2 
7 12 6 11 6 10 1 1 3 3 1 0 2 0 1 2 0 0 0 0 0 0 2 7 1 0 0 0 0 0 0 0 0 0 0 0 0 0 0 0 0 1 1 1 0 0 0 2 0 4 
3 8 15 9 3 2 1 3 10 14 4 5 13 1 4 13 3 1 0 0 0 0 4 12 2 2 0 0 0 0 0 0 0 0 0 0 0 0 0 0 1 3 18 1 0 0 0 1 3 17 
